logFC	logCPM	F	PValue	FDR
comp3889_c0_seq1	-2.89428253372969	0.0392351561619999	56.9154033539865	8.59067941402952e-08	0.000163566536043122
comp17578_c0_seq1	-3.42142898831257	0.964233445045993	56.9161775905756	1.15910346757495e-07	0.000189165685908231
comp83494_c0_seq1	-4.13681572344513	0.20035262652416	43.8879580994542	1.05846921214071e-06	0.000891030437441308
comp15085_c0_seq1	-3.41638488880715	-0.210961476808748	42.564104788724	1.24769231141949e-06	0.000891030437441308
comp12560_c0_seq1	-1.31416718780675	1.19056485419474	35.0031831920487	1.2744938611265e-06	0.000891030437441308
comp8945_c0_seq1	-2.23030349759225	3.0802843536033	39.2901571090868	1.56005519120484e-06	0.000990115028018003
comp78387_c0_seq1	-1.86969160511239	-2.02780938948474	31.2032645116019	3.18941887657518e-06	0.00153456027583347
comp8586_c0_seq1	-1.1775583034603	-1.16192075781176	30.3862982868521	3.72286797562459e-06	0.00153456027583347
comp32661_c0_seq1	-2.98038422723535	1.27167713460712	36.6358678015206	3.81075866159069e-06	0.00153456027583347
comp17122_c0_seq1	-2.24964499018814	-2.19104484167579	30.8921636188702	4.53700625101323e-06	0.00167195998101855
comp7363_c0_seq1	-1.14007743578491	-1.0057035415151	29.4330458386016	4.83313901513588e-06	0.001679759433618
comp16116_c0_seq1	-1.36206763671225	-1.23859824028873	28.9055930007101	5.59407292021842e-06	0.00182590540115929
comp31066_c0_seq1	-1.42820420231662	-1.09302043087847	27.7397756368289	8.6659957772243e-06	0.00235715085140501
comp76211_c0_seq1	-2.05543327368188	-1.4004988653065	28.8249481691087	1.11569252469655e-05	0.00289674350048487
comp17259_c0_seq1	-1.64436256857655	-1.03709321471703	27.1497774104974	1.39352975478667e-05	0.00326009624646856
comp17217_c0_seq1	-0.813508911665244	1.8383397806391	25.3750604975242	1.54151607144795e-05	0.00342499276107529
comp5139_c0_seq1	-0.9545681462529	2.44076589215756	25.2079376961173	1.61985713123775e-05	0.00349155620136981
comp10010_c0_seq1	-1.43335481682737	2.47654760667893	26.6231484945308	1.7333358342055e-05	0.0035342011557763
comp4957_c0_seq1	-1.45581415224943	-0.134705354797803	26.4484731016974	1.76338818171612e-05	0.0035342011557763
comp3482_c0_seq1	-1.19122241581678	-1.10531219130933	24.3695263030044	2.08198542737559e-05	0.00373177769550095
comp11607_c0_seq1	-1.28575000736544	-2.95467076149528	24.3001727626097	2.12603204095985e-05	0.00373177769550095
comp3490_c0_seq1	-1.56381338933545	-2.32840896093932	24.1696203136962	2.2116517157225e-05	0.00373177769550095
comp146_c0_seq1	-1.07995627083763	3.38897119007415	24.2230645238914	2.22129624732199e-05	0.00373177769550095
comp2740_c0_seq1	-1.18532246450151	2.68844620620891	23.9778251005926	2.77567627118465e-05	0.00446610221436809
comp16321_c0_seq1	-1.39729471119987	-1.84650609854709	22.9296401333511	3.23359372768414e-05	0.00499401305646344
comp7391_c0_seq1	-1.13487878521225	-0.224690863650274	23.1192530729412	3.36606272188099e-05	0.00499401305646344
comp9290_c0_seq1	-0.732337517425371	0.252394950001784	22.450131668255	3.75430001420039e-05	0.00549860555925964
comp3494_c0_seq1	-2.13618370454318	-2.71057651524885	22.2575697388516	4.6229444159881e-05	0.00617020806589557
comp5862_c0_seq1	-2.19819961517209	-2.04910873800734	23.3054030518516	4.62626679482363e-05	0.00617020806589557
comp30281_c0_seq1	-1.16965750514521	-2.42975823713412	21.7376077338085	4.69895047035115e-05	0.00617020806589557
comp16596_c0_seq1	-1.17417547567966	-2.32813390242772	21.5785892361168	4.94242671212534e-05	0.00634407671453033
comp12170_c0_seq1	-1.80340724877583	-2.83190967574091	21.5344622814802	5.01233981433445e-05	0.00636233000432853
comp9828_c0_seq1	-1.04609664963304	-0.710276563475452	21.4243826167426	5.19136418065479e-05	0.00639107605438773
comp26870_c0_seq1	-1.5476558394055	-2.31990844561675	21.1754442828703	5.62174088306098e-05	0.00653453521651297
comp159_c0_seq1	-0.968645243547174	3.7715812065644	21.0831227473109	5.79084881613243e-05	0.00655883720757747
comp27162_c0_seq1	-1.42389354946966	-2.78845344133502	21.0789107107013	5.79869185894017e-05	0.00655883720757747
comp3846_c0_seq1	-0.855951447269883	3.83151992413942	20.8144878674743	6.31437557126182e-05	0.00693609870443222
comp21139_c0_seq1	-1.02287598412298	-0.489928985339292	20.5228307620985	7.00861283895328e-05	0.00755622482606712
comp187_c0_seq1	-0.687062924780389	4.10545493670432	20.4327946711184	7.14641536142184e-05	0.00762996720456851
comp4371_c0_seq1	-0.808906144788502	2.29551153743244	20.3459854434131	7.35144178413114e-05	0.00777619175388094
comp5351_c0_seq1	-0.862288207361771	-1.16953980683061	20.107221835117	7.94825422223863e-05	0.00808403563085116
comp4730_c0_seq1	-0.678703872213058	0.898723506105188	20.0231772524466	8.17040546828818e-05	0.00818760632190563
comp5666_c0_seq1	-0.693069492941459	-0.722787366624257	19.6982174599389	9.0934307386033e-05	0.00863573898545542
comp11394_c0_seq1	-1.5251930905668	-2.80952547585562	19.6854289316536	9.13194905001882e-05	0.00863573898545542
comp970_c0_seq1	-0.90705930664491	-1.98717279430394	19.6385779825076	9.27454895478443e-05	0.00863573898545542
comp12719_c0_seq1	-0.793277444210815	0.490066871190528	19.4772119619499	9.78408511761807e-05	0.0087424765871981
comp19574_c0_seq1	-0.782978550472631	0.0618164718543709	19.4568211296719	9.85055877192964e-05	0.0087424765871981
comp15715_c0_seq1	-1.09080165698795	-1.53949226978975	19.3723005533797	0.000101312544736519	0.0087424765871981
comp12353_c0_seq1	-1.02138273612872	-1.42696339054224	19.3270619828496	0.000102849742708489	0.0087424765871981
comp4979_c0_seq1	-1.10849039625591	0.614114908482946	19.8989917829122	0.000103643618095909	0.0087424765871981
comp8720_c0_seq1	-0.923727927422821	0.891208355642315	19.3256138140724	0.000104296132694286	0.0087424765871981
comp10101_c0_seq1	-1.17829484598554	-1.7895388885644	19.2084129041933	0.000107000365057743	0.0087424765871981
comp12799_c0_seq1	-0.819083678009476	-1.31358502415403	19.1410983365619	0.000109434011902077	0.0087424765871981
comp62667_c0_seq1	-1.64668289727953	-2.60808390499107	18.9926093276367	0.000115012824355732	0.00899935962630055
comp10372_c0_seq1	-1.08176402566979	-1.63722201368307	18.8195433561377	0.000121898850784293	0.00934362517580749
comp2665_c0_seq1	-0.601161582120237	0.990564218720161	18.8004694647723	0.000122684154094111	0.00934362517580749
comp5333_c0_seq1	-1.71412368888604	-2.8866325210995	18.7718431979185	0.000123872850949113	0.00937167847180574
comp29516_c0_seq1	-1.02631653160141	-2.19788844467785	18.538169800714	0.000134046296830532	0.00981444561131162
comp421_c0_seq1	-0.711481912455233	0.123774490496398	18.5182950684735	0.000134951652520486	0.00981444561131162
comp11729_c0_seq1	-0.835692075678435	-1.87906847211266	18.4312752115595	0.000138992897681766	0.00985586076187532
comp11403_c0_seq1	-1.33775320665758	-2.12712152058294	18.4274694306756	0.000139172550291176	0.00985586076187532
comp5837_c0_seq1	-0.799895960664114	-1.14708458371301	18.0780698506391	0.000156765659059981	0.0107768570635251
comp754_c0_seq1	-1.26591159214772	-1.87984445298541	18.0323651947816	0.000159236346319466	0.0108280715497237
comp8758_c0_seq1	-0.581013129107791	1.54609816354865	17.9675444678388	0.000162811638667381	0.011005681420924
comp40693_c0_seq1	-1.47400570895504	-2.8571277242476	17.7655285475817	0.000174512270641126	0.0113274328397967
comp820_c0_seq1	-0.654632679129065	1.86150216451703	17.7309512649704	0.000176603022581319	0.0113876697220403
comp33620_c0_seq1	-1.36735470382455	-1.59904803219948	17.9639554357543	0.00018303342817903	0.0116814183436717
comp2543_c0_seq1	-0.879261880354224	1.41728356443128	17.4655402526619	0.00019583994697936	0.0123606384215039
comp9742_c0_seq1	-1.40308771842067	-0.751857459440213	18.4381411027844	0.000199999428518609	0.0124925572814683
comp853_c0_seq1	-0.939344505452464	0.370356407097005	17.5355811887597	0.000200117120317638	0.0124925572814683
comp16647_c0_seq1	-1.29207546342894	-1.01299754143939	17.9157853541405	0.000203859516908346	0.0126570169628312
comp10172_c0_seq1	-1.41043523019737	-2.54593225967835	17.2586803890348	0.000207986339120968	0.0127743867640749
comp45425_c0_seq1	-1.26708868311205	-2.06772374792484	17.2195266044469	0.000210842096303101	0.0128088781117083
comp25359_c0_seq1	-1.52549686706713	-0.661326932426335	18.585447546919	0.000211911586406938	0.0128088781117083
comp37002_c0_seq1	-1.34708886860186	-2.31145064175034	17.1569676942114	0.000215491835004795	0.012858683221922
comp10208_c0_seq1	-0.82697539436963	-0.0126664936097781	17.1487281915835	0.000216112323057512	0.012858683221922
comp10236_c0_seq1	-0.765064082654224	-1.24300329466272	17.0946305554088	0.000220233712640481	0.0129023073497685
comp1822_c0_seq1	-0.522249700115314	1.52947371711505	17.0618164441183	0.000222774296586927	0.0129845590010666
comp3958_c0_seq1	-0.703098278543892	-0.371659648738851	17.007258517813	0.00022706760741677	0.0130161905562618
comp13696_c0_seq1	-1.04431061943331	0.0945115162565021	17.419324340242	0.000229229634465376	0.0130284544484202
comp8263_c0_seq1	-1.27282273815476	-1.11996164035083	17.3968376555307	0.000234594823573339	0.013137310120107
comp1696_c0_seq1	-0.640707071255974	-0.205539965535902	16.3890320459745	0.000282361659070333	0.0148649750839608
comp8554_c0_seq1	-1.16155378083709	-2.02632153193544	16.3531974587351	0.000285977956750085	0.0149497812746886
comp53080_c0_seq1	-0.69847401008154	4.39544708981495	16.1874887833716	0.000303353317315497	0.0152906719037529
comp7611_c0_seq1	-0.857835166257144	0.0111056625047644	16.1670147160359	0.000306206637049628	0.0152906719037529
comp2445_c0_seq1	-0.707986949484719	1.14414206375868	15.8938206896712	0.000336964871409189	0.0164507978246947
comp14598_c0_seq1	-1.49852940071701	-2.3949140430447	15.9319592534284	0.00034266071840356	0.0165871018942469
comp22171_c0_seq1	-1.16747484527564	-3.16761513878301	15.8202005094434	0.000345997961232531	0.0166779776756136
comp2288_c0_seq1	-2.4315152946959	6.66414493986791	17.6091106226378	0.000359066531444996	0.0169040970761373
comp19690_c0_seq1	-0.949696918640783	-0.446695748577696	15.8287508466417	0.000362440781252105	0.0169040970761373
comp7574_c0_seq1	-0.633235862479608	-0.178995035481952	15.6856913775811	0.000363174306967788	0.0169040970761373
comp517_c0_seq1	-2.1767759491488	-1.03925365324787	17.4221224074678	0.000364006292080687	0.0169040970761373
comp11849_c0_seq1	-0.624112224629994	-0.885098128904064	15.6659691982252	0.000365768092964471	0.0169171445102272
comp30066_c0_seq1	-1.57544939671831	-2.3176103834556	15.8851346337589	0.000371578882588209	0.017024143185078
comp5568_c0_seq1	-0.753224992230974	1.6387611184618	15.5779389300672	0.000377588266825919	0.0170496773131198
comp21088_c0_seq1	-1.16241849249683	-2.48529650112884	15.5405860985772	0.000382726038312246	0.0172136309514925
comp2875_c0_seq1	-1.7059618651119	-3.37692802544701	15.5242212518274	0.000385000369072382	0.0172480165344427
comp4486_c0_seq1	-0.934807920190618	3.08443197765967	15.6663197137523	0.000389502091753402	0.0173152541140599
comp11874_c0_seq1	-1.27037154884506	-2.82265900022789	15.491914510547	0.000389532589925893	0.0173152541140599
comp9472_c0_seq1	-0.95968657071848	0.154197646391468	15.7550144126369	0.000392602874838697	0.0173840900858809
comp21117_c0_seq1	-1.11260419456579	-1.69024706028113	15.4141825542445	0.000400671719973498	0.0175374472374607
comp5737_c0_seq1	-1.04125654596594	-2.34142440034701	15.2824158662533	0.000420335916338644	0.0182317124275599
comp5339_c0_seq1	-0.883811881499397	-0.200442522621032	15.2933387571463	0.000430852770077295	0.0185039926517407
comp42765_c0_seq1	-1.58987931976958	-2.50435485716251	15.3032648834427	0.00044187861337745	0.0185996490557103
comp13007_c0_seq1	-0.729245218783319	-1.43612375583142	15.0968692342387	0.000449786560512699	0.0187346816324258
comp15849_c0_seq1	-1.73458601475694	-3.20052000779766	15.0944060450537	0.000450191994835926	0.0187346816324258
comp12715_c0_seq1	-0.603730383309967	3.27339503397612	15.0896030750403	0.000450983670248346	0.0187346816324258
comp11842_c0_seq1	-0.793607146462131	-0.386618209473349	14.9519753594998	0.000474310443782438	0.0192829982554113
comp16929_c0_seq1	-1.51234894631604	-2.45899516500589	15.0072198645638	0.000488858348430093	0.0196277902723487
comp3782_c0_seq1	-0.83986462380779	-0.517200583939818	14.8325348936189	0.000495596714252326	0.0197271667721902
comp3453_c0_seq1	-0.948107048955628	-1.81362769755515	14.7913153064667	0.000503176936083368	0.0198217010959186
comp30135_c0_seq1	-0.822321785111299	-0.954703155423766	14.7638687634	0.000508292726153357	0.0199544195999174
comp3989_c0_seq1	-0.797146663008477	-1.12812220967329	14.7344121149436	0.000513844860766681	0.0199970336774197
comp3078_c0_seq1	-0.973501034725217	0.163212413551678	15.0871418378325	0.000514629543168888	0.0199970336774197
comp2343_c0_seq1	-0.715160854974319	1.15860825430767	14.6986787019667	0.000520666901278843	0.0201630463735916
comp24243_c0_seq1	-1.22064577020708	-2.44047360562141	14.6615567383664	0.000527856294649005	0.0201778320349503
comp26246_c0_seq1	-1.70209627529166	-2.83909314254939	14.8014439975377	0.000528423970609126	0.0201778320349503
comp7152_c0_seq1	-0.638185487151686	-0.0487276801365346	14.5980202406742	0.000540407836260619	0.0202607986641875
comp17198_c0_seq1	-1.08359115858974	-2.39344074701603	14.571575676157	0.000545725258517816	0.0203737429846651
comp49331_c0_seq1	-0.579403030830837	1.90736886260886	14.547309635063	0.000550653671560032	0.0204673978471301
comp5607_c0_seq1	-0.564655555958005	0.455266893474226	14.5105591790534	0.000558208130422434	0.0205503022504221
comp12524_c0_seq1	-0.848315863167589	0.417996248689465	14.5814761638421	0.000564446268715644	0.020667417223742
comp14614_c0_seq1	-0.625941096533869	2.12466649869028	14.4583559219031	0.000569129430690708	0.0207633378378572
comp893_c0_seq1	-1.88014349640083	-3.19221238170002	14.5514211493337	0.000570700987490122	0.0207633378378572
comp23799_c0_seq1	-1.03842348019883	-1.00961139182435	14.5048905300869	0.000592777217793742	0.0213624193567057
comp11867_c0_seq1	-0.712816095714555	-0.40096085099275	14.2912881141083	0.000605637986951132	0.0216890544292468
comp17521_c0_seq1	-1.40439335385618	-1.03088538904978	15.0621730264248	0.000625219044393177	0.0222180551108298
comp52672_c0_seq1	-1.05854412651138	0.496607809552062	14.7660391112956	0.000632771874193457	0.022346106404624
comp3087_c0_seq1	-0.753796281749299	-1.51534940171704	14.1697308023077	0.000633765622820217	0.022346106404624
comp1797_c0_seq1	-0.853660338170289	-1.70050610480912	14.0937412769515	0.000652053618287364	0.0227105504125453
comp14593_c0_seq1	-0.945802212548851	-2.34260882190837	14.0355513418864	0.000666437749047814	0.0230708631670371
comp2966_c0_seq1	-0.713524230704515	5.06060565112176	13.964532244081	0.000684452759970755	0.0234810460357535
comp4587_c0_seq1	-0.555046796135656	0.574714041798436	13.9467343092272	0.000689048300207812	0.0235679274897426
comp11007_c0_seq1	-1.55608212777995	-2.67631618682297	14.0013415162952	0.000698638448515795	0.0237001767194478
comp16643_c0_seq1	-0.727708381190853	-1.73988715891265	13.9021995730108	0.000700692125620945	0.0237001767194478
comp17453_c0_seq1	-1.16782143522798	-2.16827540462035	13.892379233429	0.000703287807063445	0.0237001767194478
comp8023_c0_seq1	-0.590538713346845	-0.894175641858326	13.8840440899778	0.00070549896528112	0.0237047652334457
comp4737_c0_seq1	-0.639153923099446	-0.912884735871028	13.8347365143633	0.000718731794828379	0.024042308879692
comp14022_c0_seq1	-0.756512847065578	-2.29547321935961	13.8309679656473	0.000719753994822712	0.024042308879692
comp6802_c0_seq1	-0.845201748800568	-1.31088192471991	13.8097814783712	0.000725529634925071	0.0241645788611779
comp7128_c0_seq1	-0.712688139276905	-0.788042967552628	13.7456006230262	0.00074332939816641	0.0242785797072274
comp7299_c0_seq1	-0.731095171926535	-0.0141266722710989	13.6551811449644	0.000769200043897946	0.0247536710505403
comp16959_c0_seq1	-1.2202755726687	-1.4348887406673	13.9569401955157	0.000777310014789241	0.0249437910363828
comp3028_c0_seq1	-0.545787258314322	-0.0717705450206377	13.5957903149375	0.000786713852407446	0.0251048579863366
comp3483_c0_seq1	-1.31269906266947	-2.73766343220586	13.5957550865763	0.000786724366168463	0.0251048579863366
comp26345_c0_seq1	-0.945431650684827	-2.48116279885404	13.5825491653001	0.000790676189951594	0.0251606818774568
comp9254_c0_seq1	-1.40235747917064	2.02828923022703	14.6875842699514	0.00079679470311437	0.0252592053682101
comp5662_c0_seq1	-0.684201358624563	0.670525487170163	13.5567229716998	0.000798465863308198	0.0252592053682101
comp2436_c0_seq1	-0.953617918705306	-1.12481780996538	13.575984295258	0.000800405492234949	0.0252592053682101
comp3040_c0_seq1	-0.570841885771422	-0.616068054477674	13.3556061574379	0.000861999169079775	0.0266148067772091
comp53344_c0_seq1	-1.15976753848915	-2.99714378444277	13.30376992382	0.000879233441827819	0.0269317386014681
comp11444_c0_seq1	-0.825050917356866	0.0709046917934059	13.3898435797337	0.000879336353146675	0.0269317386014681
comp10094_c0_seq1	-0.863940060152085	-1.42461004469656	13.2858584638539	0.000885273651060597	0.0270410860687601
comp2992_c0_seq1	-0.506439290414269	0.810336645740352	13.2741495548204	0.000889246100667889	0.0270582775540063
comp6059_c0_seq1	-0.797148269031235	0.252325616128111	13.3112407997342	0.000896084646034167	0.0270773291667415
comp10631_c0_seq1	-0.959005527413912	-1.34691550926422	13.2407522889102	0.000900681467381108	0.0270773291667415
comp19189_c0_seq1	-2.07191906685013	0.69459784055478	14.6137619190948	0.00090325712063355	0.0270791017486843
comp32568_c0_seq1	-1.0709741836426	-0.665356022466295	13.5806150818123	0.000926429386248627	0.0274184697111511
comp2704_c0_seq1	-0.705844844979944	-0.358931046582933	13.1529779411671	0.000931489874345104	0.0274970034225283
comp11299_c0_seq1	-0.983572299110354	-1.04014701188049	13.2586060573078	0.000935242717153924	0.0275366309298104
comp17248_c0_seq1	-0.612227116631663	-0.723713467528385	13.1273179054294	0.000940707246856122	0.0276263228485458
comp1075_c0_seq1	-1.12520923989656	-0.307951081510453	13.7184842648207	0.00095372461892255	0.0278330528966709
comp4968_c0_seq1	-0.618124845089415	-0.273512294646132	13.0911523575041	0.000953863806728668	0.0278330528966709
comp3806_c0_seq1	-0.675085448467978	0.514677341782018	13.081191567973	0.000957521775349578	0.0278339154239022
comp14949_c0_seq1	-0.641569574749238	0.346711852760538	13.064660064065	0.000963625805781249	0.0278877768198399
comp2909_c0_seq1	-0.598377161722788	-1.11439421482191	13.0629570081406	0.00096425698913137	0.0278877768198399
comp2503_c0_seq1	-0.453179155327669	0.459196675363329	13.0461337414058	0.000970515736314286	0.0279273848152504
comp2357_c0_seq1	-0.981229535153448	1.85467079508016	13.4657506552656	0.000974273941022296	0.0279650892016048
comp3673_c0_seq1	-0.638262523203292	-0.546661092834709	13.0109791229782	0.000983734557311394	0.028156954494391
comp788_c0_seq1	-0.698125409657126	3.45414110215104	13.0053005483705	0.000985887762408649	0.028156954494391
comp11838_c0_seq1	-1.14902146292409	0.617488893225326	13.7252377812035	0.00100515600179538	0.0284270038812273
comp18271_c0_seq1	-1.07328189244165	-2.670020214989	12.9461795076355	0.00100860624422104	0.0284270038812273
comp5151_c0_seq1	-1.67959584906188	0.980761938188076	14.1905193739448	0.00100900193441719	0.0284270038812273
comp2171_c0_seq1	-0.518819014122982	-0.120309450456098	12.9383830234567	0.0010116436226121	0.0284270038812273
comp30815_c0_seq1	-1.46109002459548	-2.94500007256156	12.932595308834	0.00101390472635772	0.0284270038812273
comp850_c0_seq1	-0.71263538439788	0.885991321662814	12.9276844506075	0.00101582749274767	0.0284270038812273
comp2167_c0_seq1	-0.875941049157077	-2.17701657943601	12.8990492235213	0.00102711687387705	0.0284800562309986
comp5027_c0_seq1	-1.21381201664684	-2.89719194194599	12.8711260417687	0.00103825447196481	0.028719174546552
comp5046_c0_seq1	-1.38798402454154	-0.428682113767954	13.7503213652853	0.00107101134870242	0.0292748673981677
comp887_c0_seq1	-1.55115026253038	-0.0491455668606817	13.845837249766	0.00110228322816872	0.0299108874075997
comp6134_c0_seq1	-1.24739904119526	-1.30913907239075	13.1041319965912	0.00112804796878459	0.030486769793316
comp11049_c0_seq1	-1.48178678858505	-0.434122785932365	13.6878909722853	0.00112884310421679	0.030486769793316
comp7634_c0_seq1	-0.589996439260301	-1.12396797277748	12.5609955545928	0.0011709918665671	0.0313288315776642
comp14629_c0_seq1	-0.807104136835139	-1.10695090704876	12.5100591001313	0.00119447152761712	0.0316414691465446
comp27_c0_seq1	-0.546094620484112	5.54444622194207	12.4971327568882	0.00120050961875136	0.0316414691465446
comp3373_c0_seq1	-0.902985417558346	0.648528285936577	12.7933266490585	0.00120206561708686	0.0316414691465446
comp184_c0_seq1	-0.55861982379288	1.42590708410804	12.4658813604484	0.00121524257081427	0.0317001783297774
comp10348_c0_seq1	-0.842093821262368	-1.57892650672631	12.4658671131422	0.00121524933129688	0.0317001783297774
comp7155_c0_seq1	-0.729268105975246	-0.752158792465362	12.4655591075744	0.00121539549268579	0.0317001783297774
comp2624_c0_seq1	-0.578048045865082	-0.369099555271167	12.4249740822444	0.00123481981527129	0.0319877133098848
comp3747_c0_seq1	-1.90105531568975	-2.73595942312875	12.8463328239483	0.00125741457849922	0.0324259687240974
comp11325_c0_seq1	-0.753490935035453	-1.34580081049498	12.3236698524807	0.00128476485045137	0.032834795641066
comp23914_c0_seq1	-1.34907209425601	-2.21439174849992	12.4832575224926	0.0012905130534114	0.0329080828619908
comp8919_c0_seq1	-1.52180621557798	-3.17372985045979	12.2926411289115	0.00130049054074151	0.0330886501947239
comp2611_c0_seq1	-0.653554341851275	2.33925004690496	12.2287838225722	0.00133350418785683	0.0333502883596229
comp8594_c0_seq1	-0.827491616971124	-1.21814931663516	12.2182745164125	0.00133902257824597	0.0333502883596229
comp4818_c0_seq1	-0.475695543267232	0.154026216753297	12.2164575072879	0.00133997915040991	0.0333502883596229
comp22240_c0_seq1	-0.497088431529222	0.89968829349975	12.2083665543007	0.0013442475298926	0.0333502883596229
comp15394_c0_seq1	-0.757493508158694	-0.255158443880707	12.2054200136693	0.00134580557893786	0.0333502883596229
comp1538_c0_seq1	-0.528115839222909	2.49962458746536	12.1829511592453	0.0013577500598176	0.0333568530824867
comp10545_c0_seq1	-0.626374320509161	0.946931007479749	12.1516461953298	0.00137458082963722	0.0336978785359992
comp4571_c0_seq1	-0.672065760399515	-0.785821236880683	12.1306423664369	0.00138599804353678	0.0338325676268464
comp15433_c0_seq1	-0.587810852671809	-1.33542430640082	12.1145733597234	0.00139480112538795	0.0339748572631811
comp8708_c0_seq1	-0.884569450735056	-1.95454444471297	12.1085702321799	0.00139810511352867	0.0339792593289265
comp3802_c0_seq1	-0.47534790983592	0.985417679217485	12.0919247149371	0.00140731020869167	0.0339896655900499
comp3887_c0_seq1	-1.59695211321682	0.827362337683903	13.1308263520984	0.00143463512500276	0.0345037298274349
comp17826_c0_seq1	-0.790784604868664	-2.5778746513617	12.0153156434566	0.00145051751881875	0.0347068108621346
comp8974_c0_seq1	-0.771949442889037	-1.39337896787785	12.0026243452877	0.00145781107309136	0.0347068108621346
comp14250_c0_seq1	-1.32696770825596	-2.13444669807306	12.1386191120407	0.00145826936395523	0.0347068108621346
comp10017_c0_seq1	-1.26319790845986	-2.59610487466064	11.9930969203769	0.00146331210577585	0.034754423069404
comp10031_c0_seq1	-2.22429393795042	-2.4797316853273	12.7756287196391	0.00148994411154013	0.0351676064674267
comp5145_c0_seq1	-0.829319643169207	0.0343111162272417	12.0723589143429	0.00149995655713982	0.0352582380838792
comp12767_c0_seq1	-0.526297858808538	-0.912474221492637	11.8143378880917	0.0015707416093654	0.0366956076592849
comp44848_c0_seq1	-1.29240970437262	0.254628237921699	12.6087079505518	0.0016116110029418	0.0375658299364787
comp2553_c0_seq1	-1.31216727451364	1.20170531656105	12.6217806915421	0.0016178561212139	0.0375658299364787
comp4027_c0_seq1	-0.942968307865913	-2.21772694446024	11.7130503091743	0.00163532459248161	0.0378177087945545
comp19246_c0_seq1	-0.795203170791867	-2.08408050991869	11.6856665327116	0.00165326786708572	0.0380784921644905
comp3726_c0_seq1	-0.492935122155485	0.398477565569123	11.6062918881235	0.00170647654766243	0.0389117526556799
comp3410_c0_seq1	-0.577434274282865	0.811812665501246	11.5781689129356	0.00172576507178667	0.03919510970197
comp1641_c0_seq1	-0.554822813147035	1.57518477659717	11.5504452798882	0.00174500778388035	0.0393971717846821
comp4665_c0_seq1	-0.608496054183671	-0.507525767216316	11.5447298467541	0.00174900323082006	0.0394094929169395
comp5290_c0_seq1	-0.906454367198426	-2.5903452597921	11.4921996223084	0.00178618610988164	0.0399322702921485
comp1146_c0_seq1	-0.958160824359796	-2.05371620600835	11.4677363812307	0.00180378947148901	0.0401685982890653
comp2127_c0_seq1	-0.474824160065245	-0.0605644320187832	11.4461917722976	0.00181944613868989	0.0403006755603986
comp2703_c0_seq1	-0.606900491380812	-1.67082677849333	11.4241711922644	0.00183559881493188	0.0404043947240497
comp2520_c0_seq1	-0.875511744510049	0.0605853038483505	11.6395694744039	0.00185979767112242	0.0407392632100071
comp6613_c0_seq1	-1.87340059266768	0.329372149815936	12.4209314690559	0.00186507656327326	0.0407392632100071
comp2025_c0_seq1	-0.727233490566274	-1.15815934585564	11.3761575468697	0.00187135167955497	0.0407983236397633
comp22093_c0_seq1	-0.763690241745298	-1.67427005140138	11.3703996835323	0.00187568891414802	0.0408149907718608
comp61691_c0_seq1	-0.930123404525119	-1.44428255906053	11.3431857940349	0.00190669939547499	0.0413227433072518
comp13546_c0_seq1	-1.00695332652553	-0.689538234158955	11.5818944109307	0.00196530838874844	0.0418874683452652
comp84714_c0_seq1	-1.30960248707176	-0.861863935186611	11.926679271669	0.00196956100147605	0.0418999346012336
comp37431_c0_seq1	-0.883853867775507	-1.18457665416276	11.2501562600418	0.00198724996909771	0.0421976647713239
comp4536_c0_seq1	-0.706531763304987	-1.32845668722963	11.2175814618692	0.00199481803412364	0.0422797796323347
comp16391_c0_seq1	-1.09713632479096	-2.43949042795937	11.1484964162394	0.00205130377329562	0.0430910849902751
comp29755_c0_seq1	-1.72661814164239	-3.41806434255101	11.155865652999	0.0020627577656035	0.0430910849902751
comp11769_c0_seq1	-0.829370674733584	-0.170762437497911	11.2904031811363	0.00206285025693231	0.0430910849902751
comp6580_c0_seq1	-1.17929999008396	-2.96867617870206	11.1315634438329	0.00206540783918251	0.0430910849902751
comp393_c0_seq1	-0.629429085803041	3.55134714963811	11.1260271906465	0.0020700416306018	0.0430910849902751
comp99324_c0_seq1	-0.98610423006201	-2.4360117464268	11.1185769262211	0.00207629497487515	0.0430910849902751
comp3118_c0_seq1	-0.455787920514117	1.6128810186994	11.1161215794332	0.00207836027920532	0.0430910849902751
comp17458_c0_seq1	-1.25331820987558	-3.19800966415382	11.1110646027321	0.00208262085402182	0.0431011968049732
comp5365_c0_seq1	-1.12596877750893	-2.14112025845636	11.1116399694805	0.00210338068603868	0.0433805203762912
comp4578_c0_seq1	-0.509927483196558	2.96606415905719	11.0793589412833	0.00210954695243645	0.0433805203762912
comp6514_c0_seq1	-0.757554214274095	-2.15527737088378	11.0788863054197	0.00210995114288239	0.0433805203762912
comp9523_c0_seq1	-1.20929168967736	-2.34915284823041	11.1190663513047	0.00211130683904218	0.0433805203762912
comp12531_c0_seq1	-0.615692935714495	-0.946176901033504	11.0691636575058	0.00211828418248629	0.0434344992979296
comp24247_c0_seq1	-0.828809823846509	-2.24789496461359	11.0571135742577	0.00212866085188749	0.0434344992979296
comp7903_c0_seq1	-0.70864747590975	-1.0261818338871	11.0565562150224	0.00212914212244753	0.0434344992979296
comp3231_c0_seq1	-0.551899616020919	1.45909374320707	11.0353074510517	0.00214757709289916	0.0437324789826739
comp2093_c0_seq1	-0.677245571842241	9.25524103885868	10.9752451976116	0.00220061459958443	0.0444952587356682
comp19569_c0_seq1	-0.799779544172314	-1.06775879480337	10.9521217758853	0.00222140532860948	0.0447572036579095
comp3470_c0_seq1	-0.730817105090918	-0.717512039576076	10.9076801924683	0.00226195555233478	0.0454939792779446
comp11212_c0_seq1	-0.873043005356909	0.0657252880719897	11.1344278455893	0.00228907655043883	0.0458779131793213
comp9249_c0_seq1	-0.77693500043335	-1.92056023108605	10.8536176273007	0.00231235410161958	0.0459712233420994
comp2813_c0_seq1	-0.693039822108963	-1.90585970063055	10.8464236601885	0.00231915049221159	0.0459712233420994
comp6918_c0_seq1	-0.519250106711172	-0.82024821481481	10.8404172634694	0.00232484130344645	0.0459712233420994
comp15482_c0_seq1	-0.937690552214741	-1.87325020299761	10.8392752620203	0.00232592499052289	0.0459712233420994
comp11460_c0_seq1	-1.16534174553146	0.671640058470298	11.5126835096607	0.00233467263186294	0.0460644216690885
comp60895_c0_seq1	-1.39781115367943	0.448235556870062	11.6409942291275	0.00236130582349166	0.0462336719746557
comp26411_c0_seq1	-1.09147120272721	-2.97838863968835	10.7961206422744	0.0023672744100275	0.0462336719746557
comp7563_c0_seq1	-1.59650621831723	-3.42851552255913	10.7916733121305	0.0023715801625655	0.0462336719746557
comp458_c0_seq1	-0.497904790620707	1.73271205195454	10.7850169656949	0.00237804026178855	0.0462750617912686
comp2692_c0_seq1	-0.71369732749289	1.99051021944147	10.8021860569462	0.00238585533920319	0.0462750617912686
comp32314_c0_seq1	-0.949164608572007	-3.02363765724879	10.7603031702308	0.00240219053583474	0.0463686143757613
comp4848_c0_seq1	-1.221269914275	-2.51094204727721	10.7791986285953	0.00240285536681116	0.0463686143757613
comp7725_c0_seq1	-0.801161704781421	-1.86800609250179	10.7375725410075	0.00242463448066169	0.0465529820287044
comp27112_c0_seq1	-1.05348236111724	-2.95910734174813	10.7187132002718	0.00244342616821698	0.0466784290062053
comp81_c0_seq1	-1.51146014622829	-2.59918218040535	10.926827498159	0.00244807532568405	0.0466891694834969
comp9721_c0_seq1	-0.844348768620075	0.559195433944721	10.931102008369	0.00246842913532781	0.0469206895873294
comp3367_c0_seq1	-0.820379659114502	-1.1940420042646	10.6648302330087	0.00249797916099454	0.0474035115202684
comp11776_c0_seq1	-0.59477840313233	0.0678552098661747	10.6441749687737	0.00251923536048989	0.0476573257586264
comp821_c0_seq1	-0.668042526177749	-1.29629738649059	10.5503762367943	0.00261822643913511	0.0490338013781631
comp5489_c0_seq1	-0.629412659248781	-0.715615326081336	10.5410446726441	0.00262829970769585	0.049061594543656
comp35130_c0_seq1	-1.04069521637274	-2.99976475943601	10.5346826932659	0.00263519111946928	0.0491099891497832
comp12755_c0_seq1	-0.618553631756752	-1.04126510703474	10.5234587390237	0.00264739628351002	0.0491770002322252
comp5191_c0_seq1	-0.684986541283155	-1.54270950123161	10.4977570922526	0.00267557315497049	0.0495392993879787
comp2333_c0_seq1	-0.685361745644322	-1.52277678455534	10.4924543412972	0.00268142641606124	0.04956733879787
comp15272_c0_seq1	-0.857386987855495	-1.44366717035884	10.4831331162369	0.00269174856038826	0.0496777634149846
