logFC	logCPM	F	PValue	FDR
comp431_c0_seq1	1.8226572689521	2.43586204985078	57.2590045931273	9.33592231398706e-09	5.97816130268261e-05
comp607_c0_seq1	1.42824937201918	1.54135323154188	56.311261540246	1.04659686671614e-08	5.97816130268261e-05
comp23616_c0_seq1	1.38112382020792	-0.819796117010105	51.1838792540502	2.87287848528344e-08	0.000109399212719593
comp4102_c0_seq1	2.51534088791106	-1.35337247899007	50.9014630022333	3.91574180406996e-08	0.000111833585924238
comp11869_c0_seq1	1.524491783664	-0.249845326314921	48.4766485652506	5.02281184423231e-08	0.00011476120501702
comp4990_c0_seq1	1.08557210907225	1.45015575074299	42.1968788277341	1.98135416183769e-07	0.000282937374310422
comp527_c0_seq1	1.75793698429116	3.25832181328692	42.9610793566792	2.3502068486968e-07	0.000298319589327914
comp14309_c0_seq1	2.12308961153656	-0.142221385777619	40.615374467639	6.9171014674028e-07	0.000790209671636096
comp15785_c0_seq1	2.77430629021879	-2.1417622257746	36.8284878547029	8.42737738257661e-07	0.000854962963981144
comp213_c0_seq1	1.07112340832172	-0.193817190005497	35.8522308905355	8.98070340316327e-07	0.000854962963981144
comp16957_c0_seq1	1.50128837397915	3.61068231932367	35.2194914933191	1.22333832823484e-06	0.000891030437441308
comp687_c0_seq1	1.01228734901838	0.138792995622968	34.3076921140054	1.32593815095433e-06	0.000891030437441308
comp17081_c0_seq1	2.61571591028637	-1.67393935074293	35.2452089144408	1.6961389424283e-06	0.00101982585675268
comp10775_c0_seq1	1.10782691334772	-0.540244663644478	32.6525266309641	2.03410133724504e-06	0.00112379530213469
comp4358_c0_seq1	1.55988262367772	3.1505378582566	33.6920311635489	2.0658001877476e-06	0.00112379530213469
comp4940_c0_seq1	1.3507418848021	3.59477933679177	31.1450069417721	3.22759395680707e-06	0.00153456027583347
comp8544_c0_seq1	1.75570870767264	-1.32602236303488	31.0763281955182	3.32592409106439e-06	0.00153456027583347
comp2758_c0_seq1	1.19690530055858	-1.14340802255679	30.4800896735072	3.62928483795841e-06	0.00153456027583347
comp12901_c0_seq1	1.08571753537786	-0.131029836250452	30.2257086956935	3.88909326252236e-06	0.00153456027583347
comp18847_c0_seq1	1.11083192161665	-1.07159646653676	30.2196610706962	3.89550490188819e-06	0.00153456027583347
comp2304_c0_seq1	1.70636097927458	-1.63595026095087	29.8682995644584	4.2879594394024e-06	0.00163285495452443
comp42424_c0_seq1	3.50895004826083	-1.17507101096804	34.184804629114	4.85224626307721e-06	0.001679759433618
comp4689_c0_seq1	2.07071923145287	-1.09553805419016	30.8274171711292	5.43931953778438e-06	0.00182590540115929
comp24533_c0_seq1	1.14672065604962	0.0104636967470556	28.6757195807357	5.96457177164489e-06	0.00189275744220198
comp1297_c0_seq1	2.53103692771579	-0.854608298036619	31.857000539724	6.71249128666143e-06	0.00201989427441628
comp9971_c0_seq1	1.62279356190044	-0.783268979044288	29.0525482821343	6.71883599683286e-06	0.00201989427441628
comp1440_c0_seq1	0.903560773659622	0.449566154600538	28.0000265663521	7.21238512125325e-06	0.00211267404167172
comp14991_c0_seq1	1.47878551728737	1.98185319629287	29.0239348934237	7.56962682031448e-06	0.00214066279285842
comp9461_c0_seq1	1.29452677496798	-0.191345944872911	28.0074837559546	7.68270084971947e-06	0.00214066279285842
comp2081_c0_seq1	1.18383382114314	3.6185716246156	26.7454610514504	1.03235985896969e-05	0.00274271605322553
comp4043_c0_seq1	3.2914347007959	2.20865690756983	30.9544048873038	1.23281244196612e-05	0.00312969985267134
comp6880_c0_seq1	0.799365479724586	3.02269439523626	25.9727756483586	1.29264836451563e-05	0.0031847558291406
comp10085_c0_seq1	1.10472995909691	-0.916675118484232	25.9266217093737	1.31025493670875e-05	0.0031847558291406
comp250_c0_seq1	1.24074185746893	-0.0436916948509925	25.9545811891244	1.39832559591176e-05	0.00326009624646856
comp13352_c0_seq1	1.6556047033809	-1.12014349296045	26.1686940634509	1.47387131272359e-05	0.00336750117531086
comp3991_c0_seq1	1.38738662223372	2.43741828908955	26.2472657440557	1.55899530441102e-05	0.00342499276107529
comp1698_c0_seq1	1.00317029339184	0.750009630791392	25.0777117216699	1.68382799505247e-05	0.0035342011557763
comp2275_c0_seq1	1.37785286423954	0.00463260791087795	25.7554889009056	1.75936626744248e-05	0.0035342011557763
comp23731_c0_seq1	1.14382471722821	-0.296994387103649	24.8060946739066	1.82604218155501e-05	0.00359667342794558
comp8286_c0_seq1	1.03192910365813	-0.0150484275744605	24.5681379460054	1.96112135397448e-05	0.00373177769550095
comp9916_c0_seq1	2.84979781550256	0.12134699433709	28.6407369039843	1.96125672240149e-05	0.00373177769550095
comp2884_c0_seq1	0.965650476374482	0.36583692606048	24.4903755903673	2.00753169903333e-05	0.00373177769550095
comp24027_c0_seq1	0.991449274707765	0.107100701921782	24.4412973276234	2.03742163958764e-05	0.00373177769550095
comp780_c0_seq1	0.818897825949496	1.48183053210375	24.2622652283957	2.15052429216079e-05	0.00373177769550095
comp30519_c0_seq1	2.24447279534927	-0.164271498737426	27.3739214822302	2.22117573592859e-05	0.00373177769550095
comp17446_c0_seq1	1.32651565391052	-0.61352298537499	24.4105839569421	2.25638869008098e-05	0.00373579483992537
comp46056_c0_seq1	0.90377082069328	0.807952283231285	23.7369923753049	2.52253724224748e-05	0.00411678077934789
comp798_c0_seq1	0.917394101888849	4.67902657601916	23.2810213858523	2.9009782887702e-05	0.00460288555151539
comp20020_c0_seq1	1.19698655300738	-1.13411874662043	22.9101818090938	3.25315830858043e-05	0.00499401305646344
comp71_c0_seq1	1.25387936676478	2.63334292001856	23.3833406173638	3.28657057418081e-05	0.00499401305646344
comp1741_c0_seq1	1.04242823434498	-0.750386158372047	22.8196745988182	3.34582580648936e-05	0.00499401305646344
comp8849_c0_seq1	0.877796040197467	0.416741042077107	22.3379535659468	3.88852899141366e-05	0.00562310825289996
comp8988_c0_seq1	1.23852988047629	-1.36106839500971	22.276106622684	3.96470410250101e-05	0.00566159745837144
comp1837_c0_seq1	1.03242964543627	-0.169969415474308	22.1507753057292	4.12397243917807e-05	0.00581632853644078
comp15383_c0_seq1	1.29440006818975	-0.972607971348308	22.113921042339	4.24047593021607e-05	0.00590770695448639
comp17466_c0_seq1	1.82270776800913	-1.68340567201556	22.3832192998707	4.61611320523653e-05	0.00617020806589557
comp6626_c0_seq1	1.50262651431241	-0.961519885287188	22.3838372955876	4.67018647132396e-05	0.00617020806589557
comp2312_c0_seq1	1.30064991139532	-0.341137564914913	22.20137630206	4.84896229484567e-05	0.00629483468821784
comp4671_c0_seq1	1.01546990420106	-0.0670597486111793	21.4571633499863	5.13735290441493e-05	0.00639107605438773
comp118387_c0_seq1	1.05516269576861	0.236846666955177	21.4634974075349	5.20761955606372e-05	0.00639107605438773
comp2839_c0_seq1	0.978746027283444	-1.03161285413849	21.3667361101442	5.28781364617441e-05	0.00639107605438773
comp7797_c1_seq1	1.10377850300508	-0.683909798231484	21.3347308927289	5.34218216719643e-05	0.00639107605438773
comp98499_c0_seq1	0.896732378640229	-0.737609597474557	21.3181091309398	5.37065214654431e-05	0.00639107605438773
comp9319_c0_seq1	1.66918294181392	-2.49531073575969	21.2734915553808	5.44787346390848e-05	0.00641613468574129
comp742_c0_seq1	1.17982090608054	-0.154898540462233	21.458396500185	5.66280625380588e-05	0.00653453521651297
comp2518_c0_seq1	1.82762506329475	0.0929543242195712	23.0784852032637	6.10516101964677e-05	0.00683778034200439
comp44094_c0_seq1	2.04745401191741	-2.50005968088086	20.9605733444591	6.24328667013515e-05	0.00692459290481786
comp6694_c0_seq1	0.858670135597466	-0.27899033346095	20.4915045183157	7.01120300738021e-05	0.00755622482606712
comp181_c0_seq1	1.00010520465909	5.73546476079033	20.2213177408399	7.65688357727824e-05	0.00802497596209419
comp10448_c0_seq1	1.17633879334332	-0.101937341325951	20.5323195453025	7.80607648189809e-05	0.00808403563085116
comp469_c0_seq1	1.22104175691039	6.17537713892112	20.3592777377994	7.97686413755211e-05	0.00808403563085116
comp5252_c0_seq1	0.976797187468829	-0.179742606777942	20.0888396638559	7.99628874550228e-05	0.00808403563085116
comp3588_c0_seq1	0.858251148386796	1.67562587977903	19.95415834705	8.35777226190057e-05	0.00830253828869148
comp6977_c0_seq1	0.811486220641401	-0.695979862093345	19.8466822046209	8.65868510280942e-05	0.00848991502838179
comp473_c0_seq1	1.04474299342809	0.102899240987165	19.945016450102	8.69502852171454e-05	0.00848991502838179
comp9313_c0_seq1	1.58204624558667	-1.40579143262498	20.3026575039089	8.82138469087203e-05	0.00854029650072221
comp1664_c0_seq1	0.794345347198088	-0.70994240997498	19.6740398097197	9.16639838059517e-05	0.00863573898545542
comp1087_c0_seq1	2.89325913180258	-0.608061712167369	22.351863360109	9.32755224010172e-05	0.00863573898545542
comp427_c0_seq1	0.745948851377862	0.312568553467049	19.6065069681555	9.37352620970301e-05	0.00863573898545542
comp825_c0_seq1	2.32951671600432	-1.4368216691899	21.3247218928652	9.64847304606343e-05	0.0087424765871981
comp11085_c0_seq1	1.13594289193583	0.946539482804035	19.9139520577205	9.77477640846331e-05	0.0087424765871981
comp2474_c0_seq1	0.638948149376735	0.217122351185723	19.4337033511884	9.92650309500935e-05	0.0087424765871981
comp31906_c0_seq1	1.51310883748471	-2.57921770323729	19.3918230919263	0.000100656730702866	0.0087424765871981
comp10402_c0_seq1	2.22299258311163	-3.18207451609781	19.3728375863357	0.000101294443766777	0.0087424765871981
comp10931_c0_seq1	1.99362285214254	-0.242075139573042	21.4408105393095	0.000104799806758217	0.0087424765871981
comp4229_c0_seq1	1.06822133576605	-1.6821008054234	19.2407439486992	0.000105851995283994	0.0087424765871981
comp11756_c0_seq1	1.78851694896427	-2.18464467160414	19.3488102026738	0.000106582857211124	0.0087424765871981
comp10502_c0_seq1	1.72107756248845	-2.68144106307922	19.1729291828039	0.000108275969963719	0.0087424765871981
comp15850_c0_seq1	1.9940719755854	-2.48619137544401	19.2797569769301	0.000108874218170771	0.0087424765871981
comp3484_c0_seq1	0.884923086197081	0.336765201089857	19.1501666206853	0.00010910276280041	0.0087424765871981
comp18633_c0_seq1	1.20406505012282	-1.19942200197234	19.0316858890591	0.000113515991218793	0.00899935962630055
comp361_c0_seq1	5.15089439793229	-1.39157257512878	21.7190010039442	0.000114394437444344	0.00899935962630055
comp6601_c0_seq1	1.54823045935674	-2.44800216500771	18.9496111169968	0.000116684147713048	0.00906802519369975
comp17595_c0_seq1	1.9766136670505	-2.75011434924117	18.8083741954251	0.000122358052942763	0.00934362517580749
comp4303_c0_seq1	0.988250624421026	1.27863386961709	18.7741837158304	0.000127733108021506	0.00960015148709006
comp7946_c0_seq1	0.955212736680397	-0.974412083850213	18.6336763353831	0.000129784833669743	0.00965211272091342
comp11051_c0_seq1	1.1288560828046	1.21597177200755	19.0984866555991	0.000130114264620156	0.00965211272091342
comp6497_c0_seq1	0.908012324643942	-1.16884460024409	18.6050358300354	0.000131047437512541	0.00965861887834364
comp3396_c0_seq1	1.03482102255345	2.24777548039558	18.6431639277693	0.000136449429930277	0.00981444561131162
comp1009_c0_seq1	0.854133400836323	-0.40174158736001	18.4825118686929	0.000136598113812898	0.00981444561131162
comp311_c0_seq1	2.06295785387177	-0.0972943217579331	20.5451151583079	0.000140295397580439	0.00985586076187532
comp46276_c0_seq1	2.25934710661672	-2.24665988664855	19.0363613554768	0.000140625464301968	0.00985586076187532
comp17790_c0_seq1	0.910254082909444	-0.978039716167001	18.3750116046431	0.000141674139002435	0.00986881319490133
comp139_c0_seq1	0.745334066494851	3.21278044290552	18.2725176400283	0.00014670080411163	0.0101570302192198
comp12906_c0_seq1	1.16636660981388	-1.18598497081012	18.0636665625751	0.000157539839776671	0.0107768570635251
comp3291_c0_seq1	0.802592196861069	1.90981895426855	17.9281536216314	0.000165025915571194	0.0110408931564913
comp6041_c0_seq1	0.523753773152556	1.14475098281515	17.9239257922465	0.000165265470042018	0.0110408931564913
comp15368_c0_seq1	1.45105219025189	-1.52178053254428	18.1249790310167	0.000167307127070469	0.0111123059282153
comp20691_c0_seq1	1.20684540091427	-2.31624064929236	17.844105376959	0.000169858269184339	0.0111582479210824
comp7440_c0_seq1	1.10070915109392	-1.27331311993266	17.8376638792239	0.000170234779067535	0.0111582479210824
comp903_c0_seq1	1.18627389939492	0.027674744970316	18.3889053292231	0.000170929042908738	0.0111582479210824
comp7895_c0_seq1	0.784419446617008	1.24707324498793	17.7173302474235	0.000177433929492574	0.0113876697220403
comp2929_c0_seq1	0.901027432797628	-1.10170531205993	17.5724315624329	0.000186534832140473	0.011838744013182
comp5086_c0_seq1	1.44357486422618	-2.23014684403637	17.2839563313181	0.000206164658402999	0.0127309462572749
comp2080_c0_seq1	1.14248041703139	-1.51343741972344	17.2295051363185	0.0002101103553107	0.0128088781117083
comp4351_c0_seq1	1.06044122450972	-1.77532447257683	17.1778942808684	0.00021392442809268	0.012858683221922
comp4851_c0_seq1	1.17986560489952	-1.58654883338638	17.1141877463105	0.000218734196428362	0.0129023073497685
comp10974_c0_seq1	1.06045584349483	-0.575595744201825	17.2088304863289	0.000219174822311799	0.0129023073497685
comp14102_c0_seq1	0.907602923814794	-1.5666279369717	17.0175497462994	0.000226251077890619	0.0130161905562618
comp12222_c0_seq1	0.735639466469714	-0.581594052923351	17.0128192205997	0.000226626020086096	0.0130161905562618
comp7306_c0_seq1	2.6071820529358	-0.702111618997798	19.0570171278603	0.000227874484528393	0.0130161905562618
comp2428_c0_seq1	0.710027641690151	1.03529437472044	16.9500038745785	0.00023166791278264	0.0130874147263927
comp546_c0_seq1	0.770440618905121	6.21391826759972	16.9390628918576	0.000232558227368498	0.0130874147263927
comp11515_c0_seq1	1.09367547188154	-0.385021559115034	17.1109558490973	0.000237798264928627	0.0132517433099738
comp30163_c0_seq1	1.18914705181886	-0.32873176468884	17.3451900950375	0.000239525067819527	0.0132831765765547
comp1080_c0_seq1	1.61778065558014	-0.894196737761575	17.7629279098262	0.000252021056277728	0.0138436361494802
comp17715_c0_seq1	0.993057805219236	-1.74976901273216	16.6989283079457	0.00025304412316992	0.0138436361494802
comp27218_c0_seq1	1.46681111121056	-0.840160078119433	17.5090005804843	0.000253266802804741	0.0138436361494802
comp13575_c0_seq1	1.05892860934487	-1.25577717312066	16.633025901157	0.000258995983727134	0.0140598834261112
comp6745_c0_seq1	0.627448715803503	0.0212090464632791	16.6124764460859	0.000260882190841432	0.0140598834261112
comp16664_c0_seq1	1.12180730847454	-0.564272098978635	16.8601796164926	0.000260915203635818	0.0140598834261112
comp322_c0_seq1	0.998507787821657	-1.26366499451455	16.5967037294688	0.000262339858250288	0.0140702842284098
comp78_c0_seq1	2.03995562645733	0.65233226932783	18.3717654421355	0.000272592498683023	0.0145518537614713
comp1474_c0_seq1	0.797192644237647	-0.430068173252093	16.4310417223916	0.000278184041558425	0.0147812767012253
comp34441_c0_seq1	1.34739377016846	-2.34512659701154	16.4047096764356	0.000280794856195141	0.0148509279498763
comp3361_c0_seq1	0.915687027616879	-1.26291004356623	16.3362798227801	0.000287702317029368	0.0149497812746886
comp1172_c0_seq1	0.896715295176005	0.418906706615631	16.3478444873664	0.000287898448917322	0.0149497812746886
comp6682_c0_seq1	0.971512495057779	0.404572619403059	16.4541751653841	0.000292036477912549	0.0150960394736333
comp15882_c0_seq1	0.791406166712081	-0.953837635180336	16.2554453131438	0.000296095597548269	0.0152020532498894
comp3369_c0_seq1	1.85379288110868	-2.38867110216963	16.4627625377786	0.000296748763543884	0.0152020532498894
comp1836_c0_seq1	1.93613365566602	-1.84804984111666	17.0356968237574	0.000298690893548521	0.0152332355709746
comp5510_c0_seq1	1.07800049141917	-0.937375878807336	16.2174021612642	0.000304464583171717	0.0152906719037529
comp2923_c0_seq1	1.77853468827546	-2.99382654484626	16.1590586840813	0.000306445583013016	0.0152906719037529
comp14343_c0_seq1	0.833618997885215	-0.7794694712106	16.1502195913433	0.000307413808648993	0.0152906719037529
comp13543_c0_seq1	0.795365996284632	-0.359401729781115	16.1379544227255	0.000308762718866825	0.0152906719037529
comp10603_c0_seq1	0.967076252577147	-1.65714671119114	16.1341139790256	0.000309186380406768	0.0152906719037529
comp16259_c0_seq1	0.718541136423148	0.86662360360543	15.9789792535072	0.000326828075500642	0.0160934652349971
comp8485_c0_seq1	1.87552536948834	-0.343504069534255	17.5428959585137	0.000329677506695328	0.0161641023025211
comp3279_c0_seq1	3.75846111184829	-2.38908589537872	17.3941565594865	0.000342409582420778	0.0165871018942469
comp6543_c0_seq1	0.938648860770438	0.273206845713242	15.8871773920677	0.000350561707787142	0.0168269619737828
comp14395_c0_seq1	1.06950326044086	-2.52424771152098	15.7584890386278	0.000353768432642257	0.0168706813719569
comp26963_c0_seq1	0.945433078222655	-2.2934815661121	15.7533325013257	0.000354426079242792	0.0168706813719569
comp8658_c0_seq1	1.17299093191654	-1.97520441326338	15.7384383460412	0.000356332944376119	0.0168910686993891
comp7865_c0_seq1	0.999403662977319	0.236741012901042	15.9211155366148	0.000361525640681905	0.0169040970761373
comp21205_c0_seq1	0.769564826810184	1.73106982798922	15.6433472368334	0.000368767545448679	0.0169870985451843
comp4538_c0_seq1	0.846180577194591	-1.1817722125451	15.6150814457874	0.000372552153034795	0.017024143185078
comp188_c1_seq1	5.30547372119692	-1.69349347433747	17.4674830403346	0.000375883574080902	0.0170496773131198
comp3803_c0_seq1	1.00380643706632	-1.69134641725046	15.5875819490208	0.000376273854607201	0.0170496773131198
comp22244_c0_seq1	1.1429841693635	-1.4537170397139	15.4267215645926	0.000398852161933621	0.0175374472374607
comp8797_c0_seq1	1.47676136091163	-2.52505761815647	15.4165357264645	0.000400329574642078	0.0175374472374607
comp3306_c0_seq1	0.68002941577637	-0.558052165169546	15.3608589468601	0.000408508871464642	0.0178122341511911
comp50127_c0_seq1	0.762154903665646	0.139767468636379	15.2759880240776	0.000421321085510837	0.0182317124275599
comp5695_c0_seq1	1.08618508090328	-2.26288854524452	15.2232947287546	0.000429490446092443	0.0185039926517407
comp20047_c0_seq1	1.25757613203016	-0.905131145816532	15.5531110550437	0.000438505682517774	0.0185996490557103
comp81281_c0_seq1	0.992470603186792	-0.933338336617633	15.1653057410716	0.000438676123373014	0.0185996490557103
comp28260_c0_seq1	0.743492727054831	-0.435517260987645	15.1633728002111	0.000438985887766174	0.0185996490557103
comp927_c0_seq1	0.64919686336402	0.764397071361979	15.1407735852827	0.000442624863560854	0.0185996490557103
comp14603_c0_seq1	0.850512654133923	-1.40502413927745	15.1393894146571	0.000442848787040722	0.0185996490557103
comp871_c0_seq1	1.18350644469583	-2.02803017023543	15.0344179763536	0.00046018696034914	0.0190477385327122
comp21828_c0_seq1	1.45739826899722	-0.867948967292692	15.807843353633	0.000463402966501401	0.0191116082646643
comp513_c0_seq1	2.79788541698543	-2.10315856754844	16.2520974652521	0.000467344840288459	0.0191368731039928
comp3229_c0_seq1	1.61446011979656	-0.643666038505265	16.1271823180717	0.000467365860995623	0.0191368731039928
comp12404_c0_seq1	0.972614992282702	-1.70196286937492	14.9648371032435	0.00047207701676614	0.0192607422840585
comp973_c0_seq1	1.96185012314169	0.654885114551364	16.5261631632922	0.000477448155574713	0.0193417295364735
comp2512_c0_seq1	0.99673316659359	-0.495653660725841	15.0432882924339	0.000480425242227834	0.0193935617215929
comp1059_c0_seq1	0.554027739438634	0.422270591514026	14.8652674384835	0.000489663885470885	0.0196277902723487
comp16688_c0_seq1	0.748584178276985	-1.38673129264583	14.8426615271434	0.000493753109774718	0.0197225018393929
comp21414_c0_seq1	1.80620728003645	-2.17627845212281	15.1398878209672	0.000501825288172996	0.0198217010959186
comp1635_c0_seq1	2.43132530139078	-0.370360803204551	16.4407521500461	0.000502736209592682	0.0198217010959186
comp86303_c0_seq1	1.27549555051703	-2.54664691216022	14.7471605899753	0.000511434079028601	0.0199970336774197
comp150_c0_seq1	2.03770510535207	-2.46216942867552	14.9996781122335	0.000523207060951535	0.0201778320349503
comp1603_c0_seq1	0.629856841496546	0.214004116562043	14.6570782505556	0.000528730761757842	0.0201778320349503
comp28843_c0_seq1	0.709926434992916	-0.0876022723984334	14.6437156688589	0.000531349113771225	0.0201778320349503
comp1798_c0_seq1	1.09058837597483	-2.51217735364752	14.6422033826759	0.000531646309744402	0.0201778320349503
comp2128_c0_seq1	3.34801895734293	1.4921293576966	16.2868433433972	0.000539917548860515	0.0202607986641875
comp8808_c0_seq1	0.994579629630166	-1.49022843915227	14.5972959174782	0.000540552744450619	0.0202607986641875
comp4115_c0_seq1	0.738759261710289	-0.00995763345971113	14.5954289805146	0.000540926434924475	0.0202607986641875
comp2207_c0_seq1	0.623480216943319	3.79349232397765	14.5416150107451	0.000551817098819685	0.0204673978471301
comp5948_c0_seq1	1.76910496296294	-2.36691164613169	14.7491737510559	0.000559375430501553	0.0205503022504221
comp11391_c0_seq1	3.01275986634007	-2.43929533471473	15.6140252226228	0.000559448879541428	0.0205503022504221
comp8002_c0_seq1	0.78211930633289	-1.64501120191892	14.4390044635312	0.000573235522956916	0.0207893416325708
comp1299_c0_seq1	0.696328468806119	-0.451212340810259	14.3848714446106	0.000584890239676622	0.0211448927153979
comp1908_c0_seq1	0.718644129894147	3.76120474192617	14.3150195970267	0.000600303489828886	0.0215656197100792
comp3704_c0_seq1	2.75217253736355	-2.97322350565014	14.7980705849136	0.000612448299595355	0.0218644042955542
comp14259_c0_seq1	0.612607144101597	0.395530150193521	14.2016640148441	0.000626244200427802	0.0222180551108298
comp2068_c0_seq1	0.435743423060056	1.09394378691733	14.1473366233034	0.000639097636397273	0.0224408787813763
comp2261_c0_seq1	0.974988580304344	4.68711610960097	14.288692313161	0.000640382220126811	0.0224408787813763
comp18887_c0_seq1	1.31221249971151	-2.46074726426093	14.1190957851468	0.000645889959626685	0.0225646694152148
comp11887_c0_seq1	0.973974814455425	-0.187017632803783	14.2442885593469	0.000662115411383003	0.022990901093129
comp8240_c0_seq1	0.780038723481522	-0.928804205344459	14.0205703789067	0.00067019540081837	0.0231308527460697
comp2874_c0_seq1	0.556125072829293	1.96910539422766	13.9772837682958	0.000681180321449313	0.0234391686513161
comp9188_c0_seq1	0.772460759483544	-1.37857521767398	13.908714670945	0.000698975709328829	0.0237001767194478
comp19994_c0_seq1	0.744595508999668	1.73183195441293	13.8972855428073	0.000701989708320297	0.0237001767194478
comp11450_c0_seq1	1.0717337586715	-0.736828410360913	13.9894129742144	0.000736275558892085	0.0242785797072274
comp4626_c0_seq1	0.608811842754298	0.561662728503513	13.754733845159	0.000740768263395199	0.0242785797072274
comp35312_c0_seq1	0.716019590875335	-1.09534887029727	13.7525381401923	0.000741383122326377	0.0242785797072274
comp21068_c0_seq1	1.02880413314366	-0.489554435390972	13.9810456124808	0.000742060484813448	0.0242785797072274
comp27676_c0_seq1	1.0179296533168	-1.87732506134481	13.7465931996458	0.000743050603706438	0.0242785797072274
comp6063_c0_seq1	0.697760729778929	-0.457746957127275	13.743822785103	0.000743829035147897	0.0242785797072274
comp13072_c0_seq1	1.07721131477299	-1.11455366000444	13.7718248607565	0.000761742528879504	0.0247536710505403
comp22656_c0_seq1	1.5199269508137	-1.30202983466109	14.2743640583197	0.000768445889795885	0.0247536710505403
comp4615_c0_seq1	0.747130340846006	1.30726669387722	13.6569246003709	0.000768692235739685	0.0247536710505403
comp82280_c0_seq1	0.908379763322639	1.30572489928925	13.8104361252579	0.000769218594445186	0.0247536710505403
comp8651_c0_seq1	0.931039279379236	-1.05709686690951	13.5176974581977	0.000810392289253542	0.0255039160122107
comp11714_c0_seq1	0.668771108528687	0.214719026902639	13.5044362925257	0.000814488085634342	0.0255623953029855
comp1787_c0_seq1	2.09409000032441	-2.86467995000458	13.6969469444669	0.000817127171782584	0.0255749611245048
comp3234_c0_seq1	1.65390477766259	-0.872527525103319	14.4211254181763	0.000835740520485895	0.0260860647705761
comp2840_c0_seq1	0.695631448007796	-0.667939781764875	13.4068206705432	0.000845324853565424	0.0263133273218839
comp20964_c0_seq1	0.870085445590424	-1.48323792316483	13.3778799182973	0.000854704638090751	0.0265116713688329
comp7961_c0_seq1	1.06399037645443	-0.555242675103601	13.66086075233	0.000856338124571021	0.0265116713688329
comp23_c0_seq1	1.57482851706876	-2.66460239919277	13.3126165944824	0.000876266338160906	0.0269317386014681
comp6213_c0_seq1	1.82894450050145	-3.18189588920573	13.2674580266268	0.000891524847232117	0.0270582775540063
comp9344_c0_seq1	0.705786401525499	-0.081396147687223	13.2633054391715	0.000892942107655845	0.0270582775540063
comp3405_c0_seq1	0.597010152958985	0.413705492679845	13.2431044095251	0.00089987098125545	0.0270773291667415
comp1272_c0_seq1	2.29874124529198	-1.91329782373451	14.1818382544184	0.000906389447906265	0.0270791017486843
comp6676_c0_seq1	1.3530850182755	-2.84644145814982	13.2200417134286	0.00090785153796797	0.0270791017486843
comp26377_c0_seq1	0.68364483942967	-1.37603236982667	13.1810361493421	0.000921521159822731	0.0274152545047262
comp1197_c0_seq1	1.21910047876319	-1.61861335899177	13.2708747515787	0.000925910501309177	0.0274184697111511
comp1281_c0_seq1	0.670844261796038	4.53204162806501	13.0879022191607	0.000955055736650472	0.0278330528966709
comp13703_c0_seq1	0.760405991778286	0.477012900653116	13.0512728316377	0.000968599261867347	0.0279273848152504
comp38709_c0_seq1	0.680343766749459	-0.90714706249097	12.9916179097378	0.000991096624487796	0.0282351317659566
comp15713_c0_seq1	1.09680239715545	-2.72985227198197	12.9844073147431	0.000993853436840454	0.0282432379663317
comp3694_c0_seq1	2.5629353489683	-0.0669171577265198	14.2422310173546	0.00101931334378776	0.0284270038812273
comp8045_c0_seq1	0.821734160114013	-1.56853998186865	12.916485410405	0.00102022685498102	0.0284270038812273
comp7846_c0_seq1	0.827966606612647	-0.370723278802244	12.9042996796674	0.00102503691629522	0.0284800562309986
comp711_c0_seq1	1.57910833987697	-2.58645716427919	12.8647429670514	0.00106009003461982	0.0292523395060309
comp2472_c0_seq1	0.564519744546361	-0.440412161124876	12.8012200465547	0.00106670636014372	0.0292748673981677
comp46191_c0_seq1	1.05237812007319	-0.711939262370672	13.0328838872369	0.00106678890573559	0.0292748673981677
comp8990_c0_seq1	2.01633549362844	-2.741253846737	13.0578695457386	0.0010711567377831	0.0292748673981677
comp4046_c0_seq1	0.723022084124816	-0.559994608592947	12.76341934113	0.00108243673895754	0.0295125472693339
comp9720_c0_seq1	1.00372046050969	-2.33639799009783	12.7313518434616	0.00109597531180584	0.0298105284811188
comp4373_c0_seq1	0.93253248226641	-1.86318452475074	12.6228708585368	0.00114313026865167	0.0307998117666903
comp3516_c0_seq1	1.52594238250526	-2.04911331383669	12.8457748561326	0.00115174346951389	0.0309588644605332
comp1896_c0_seq1	0.892046411024148	-1.63613941219687	12.5946764578053	0.00115573708976811	0.030993287590401
comp27815_c0_seq1	1.11414423861949	-2.40048406045071	12.5452334450265	0.00117820450795871	0.0314140781147912
comp16239_c0_seq1	0.598900510849344	-0.330319760089941	12.5420263946336	0.00117967782836532	0.0314140781147912
comp8255_c0_seq1	0.656079464814898	-0.685606545432983	12.5141935631481	0.00119254710285267	0.0316414691465446
comp11960_c0_seq1	1.81529360500842	-2.45420217420903	12.8038408299856	0.00120043098640729	0.0316414691465446
comp1678_c0_seq1	0.591946192562532	2.79518814830266	12.4812347593217	0.00120798050522506	0.0317001783297774
comp3615_c0_seq1	1.04023383875882	-2.50162123260842	12.4509558899812	0.0012223468955166	0.0318088631762681
comp17031_c0_seq1	1.32949050651974	-3.05903590683041	12.4264202161174	0.00123412202213336	0.0319877133098848
comp6163_c0_seq1	0.819954549160161	1.6939217646804	12.4548998074487	0.00124802832248017	0.0322567320271799
comp8947_c0_seq1	0.553108587167222	1.27945461058203	12.3641355700207	0.00126456059648391	0.0325368023743969
comp954_c0_seq1	1.09943570681046	-1.28103310289732	12.4606021375662	0.00127063341959825	0.0326195869336864
comp35309_c0_seq1	0.893435193779588	-1.12708056330258	12.33431642063	0.00127941591668684	0.032771406798723
comp3598_c0_seq1	0.740327529676372	0.724910393246269	12.283080216683	0.00130537741343419	0.0331383523875583
comp49158_c0_seq1	1.09812345105097	-2.11647368376903	12.2774866679968	0.00130824552930574	0.0331383523875583
comp6183_c0_seq1	1.7919238666579	-3.58614179931489	12.2520155874304	0.00132139123452311	0.0333502883596229
comp1307_c0_seq1	0.704551352063852	0.465178116932162	12.2452069466924	0.00132492902284335	0.0333502883596229
comp4609_c0_seq1	0.777984881043959	0.916026292632757	12.2522558509565	0.00133389769323474	0.0333502883596229
comp8081_c0_seq1	1.16847781769052	-0.76468412835434	12.6019117505516	0.00134425554075949	0.0333502883596229
comp767_c0_seq1	0.742962092450785	0.240932883208695	12.2068081504858	0.00134507133067757	0.0333502883596229
comp41553_c0_seq1	0.83165391242469	-0.170760629982059	12.2445178298027	0.0013529261480463	0.0333568530824867
comp25139_c0_seq1	0.628361205938223	-0.467692750017203	12.1856132604138	0.00135632899246063	0.0333568530824867
comp91_c0_seq1	0.779210926211651	-0.718944228401626	12.1835375435737	0.00135743690314043	0.0333568530824867
comp14940_c0_seq1	0.851833044533834	-0.680476448793719	12.1343709316019	0.00138396391251229	0.0338325676268464
comp66025_c0_seq1	0.897113190910648	3.79945295830003	12.2388898669572	0.00140316208987174	0.0339792593289265
comp1560_c0_seq1	0.667847972478255	4.68325282035864	12.0980688030245	0.00140390497227357	0.0339792593289265
comp8227_c0_seq1	0.724337499888432	0.0920332321319881	12.0489502687483	0.00143137581623732	0.0344979690394412
comp12966_c0_seq1	0.63248502336229	1.84450600377923	12.0108677796547	0.00145306921540829	0.0347068108621346
comp1408_c0_seq1	0.902529903428645	0.542220945964725	12.2245818741237	0.00145409928778373	0.0347068108621346
comp6429_c0_seq1	0.772264526828149	-1.60683985095215	11.9808542952881	0.00147041341961322	0.0348506284349821
comp10270_c0_seq1	0.684773453191356	-0.433066618244371	11.9744836201628	0.00147412326371657	0.0348662198026875
comp10867_c0_seq1	1.77412616983245	-3.36693344691276	11.936950651735	0.00149618372331447	0.0352420677425661
comp28749_c0_seq1	1.25796020890551	-2.23331901121501	11.8861925185856	0.00152657973728571	0.0358103632828583
comp6433_c0_seq1	0.495026609218414	0.246220045677372	11.8400636100647	0.00155477580890775	0.0363970468052504
comp3544_c0_seq1	0.973185202505163	-1.61267681254244	11.7418445324653	0.00161668120920853	0.0375658299364787
comp2539_c0_seq1	0.759030626496585	-1.44524141045381	11.7315037679572	0.00162335028730216	0.037616944588519
comp21270_c0_seq1	0.914183808901678	-2.13583051199371	11.6996790688069	0.00164406000282222	0.0379429120651334
comp11013_c0_seq1	0.798577351624686	0.755032261102921	11.7338939034763	0.00166842917215818	0.0383503719572135
comp6047_c0_seq1	0.9072675854702	-1.58411308860173	11.6374592847309	0.00168536862067085	0.0386480834341428
comp11482_c0_seq1	1.06831229927258	-2.68228383720679	11.633332752844	0.00168814720182399	0.0386480834341428
comp14284_c0_seq1	0.94626015988216	-0.796128010975588	11.7066208485391	0.00170423081190767	0.0389117526556799
comp6066_c0_seq1	0.814904117394254	-0.805824614311495	11.5995388866883	0.00171108708426405	0.0389391610570369
comp39082_c0_seq1	2.79110729738615	1.87073989414508	12.6617866158158	0.00172970888231198	0.0392067346657382
comp11009_c0_seq1	1.21492904528652	-3.38380990736185	11.5530286436299	0.0017432050503409	0.0393971717846821
comp1350_c0_seq1	0.526513446843033	0.533273623488822	11.5376803979647	0.00175394470157812	0.0394103300526036
comp11151_c0_seq1	0.616770319862569	-1.51035924652573	11.5348400070333	0.00175593995069811	0.0394103300526036
comp22402_c0_seq1	1.22979009845816	-1.72429099678707	11.6344727801485	0.0017850892870918	0.0399322702921485
comp18590_c0_seq1	0.683959258808608	-1.29404687761938	11.4825790718723	0.00179308691411624	0.0400082517712187
comp104278_c0_seq1	0.584289050585909	2.0054787213895	11.4558262066858	0.00181242683659786	0.0402824205861749
comp1978_c0_seq1	1.05806934120248	-1.21508020667112	11.5660489999845	0.0018203036230012	0.0403006755603986
comp25912_c0_seq1	0.91585199008398	-0.999252974242977	11.4559653635455	0.00182981979850547	0.0404043947240497
comp4285_c0_seq1	0.570564472507573	-0.417193598775721	11.4241999527979	0.00183557761869013	0.0404043947240497
comp1485_c0_seq1	1.3753886687544	-0.297067188234507	12.1382095856042	0.00186135107472422	0.0407392632100071
comp5803_c0_seq1	0.765096540848519	-0.943510713841416	11.388242727508	0.00186228306273703	0.0407392632100071
comp6610_c0_seq1	1.14824927363893	-1.32757864761683	11.5489054313007	0.00189179761592592	0.0410872546850527
comp747_c0_seq1	0.637772358762917	4.3412721840873	11.3214226522899	0.00191301906528785	0.0413227433072518
comp65627_c0_seq1	0.815805474325758	9.49996728644672	11.3208088913419	0.00191349187758545	0.0413227433072518
comp9383_c0_seq1	0.717194590981745	-0.826812378355915	11.3132480600686	0.00191932663657125	0.0413456740230374
comp717_c0_seq1	0.606005750908902	1.57111603607643	11.3100606315757	0.00192179209613383	0.0413456740230374
comp6914_c0_seq1	0.690015220250423	-0.0939483660211009	11.2981019133031	0.00193107230894933	0.0414672369500698
comp4011_c0_seq1	0.815850730362551	0.429269015081285	11.3886238009202	0.00193623197167879	0.0415000263498284
comp26038_c0_seq1	2.47871441090265	1.57225136156957	12.3175668712981	0.00194293704588281	0.0415657543298975
comp11160_c0_seq1	0.827172181022567	-1.20560204387276	11.2683566458723	0.00195436355024448	0.0417320545756877
comp8305_c0_seq1	0.670343153376068	0.400259349615483	11.2073544724698	0.00200307400081587	0.0423761433061491
comp1369_c0_seq1	1.4926630960324	-1.99295244006577	11.4427481007008	0.00203740613706843	0.0430227868943987
comp27337_c0_seq1	0.752557385998474	-1.83541991089855	11.1278224602586	0.00206853779091054	0.0430910849902751
comp632_c0_seq1	0.870356239524338	-1.10030040164385	11.1269419382995	0.0020692752299299	0.0430910849902751
comp20781_c0_seq1	1.06985277808984	-1.95570624722231	11.1234037222905	0.00207224132740557	0.0430910849902751
comp5324_c0_seq1	0.62695190583591	-0.67872324723204	11.0622646388845	0.0021242184908593	0.0434344992979296
comp15452_c0_seq1	0.735516674376402	-1.02089528512305	11.0050218542378	0.00217414768079309	0.0441947742088616
comp4820_c0_seq1	0.708141378228843	-0.293550655513281	10.9869345926396	0.0021901836713	0.0444157121322231
comp8894_c0_seq1	1.84714695822089	-0.836601709617336	11.8415343574368	0.0021927925107295	0.0444157121322231
comp9101_c0_seq1	0.740849312426887	-0.343820168750247	10.9557508756421	0.00221812849031309	0.0447572036579095
comp9751_c0_seq1	1.51334548796371	-2.52929577657904	10.98083291013	0.00227577820356055	0.0456915469199924
comp7506_c0_seq1	0.653696155035879	-0.472965845187777	10.8576680411005	0.00230853690730398	0.0459712233420994
comp1285_c0_seq1	0.829812452157101	2.90792183839994	10.9618689195967	0.00230882446812435	0.0459712233420994
comp15435_c0_seq1	0.901308330211244	-0.754956224235795	10.9401796621894	0.00231161777094276	0.0459712233420994
comp7470_c0_seq1	0.660125118730853	1.3863000551409	10.8452478228736	0.00232026337569457	0.0459712233420994
comp15214_c0_seq1	0.803740622943929	-1.06184100094214	10.8238154344815	0.00234064865133761	0.0460906491254552
comp7562_c0_seq1	1.01172078770508	-2.43209694168097	10.8202368608685	0.00234407100331666	0.0460906491254552
comp17503_c0_seq1	0.974960973338937	-1.29969595220899	10.8560711383774	0.00234956117104053	0.046119221336713
comp759_c0_seq1	0.815214142463388	-1.25391398436807	10.7953263640473	0.00236804278945806	0.0462336719746557
comp8144_c0_seq1	1.34622445299419	-2.56258404626184	10.7799068619923	0.00238301247193007	0.0462750617912686
comp4865_c0_seq1	0.701018921353219	-1.61194141693216	10.7712040665863	0.00239150603116393	0.0463060422034182
comp33366_c0_seq1	0.966611336158818	-2.73477057368369	10.7485362665633	0.0024137811674086	0.0465009039738209
comp1082_c0_seq1	0.724496609712158	-1.1765714217281	10.7399600991589	0.00242226653016468	0.0465529820287044
comp20014_c0_seq1	1.23304991952914	-2.8963310276946	10.7270788579192	0.00243507137186942	0.0466749250876447
comp6167_c0_seq1	1.95486771307726	-2.83108795388818	10.9416236143032	0.00244172176654554	0.0466784290062053
comp2328_c0_seq1	0.499868260344278	0.741606556646281	10.6984098517643	0.00246383089976187	0.046911340331466
comp5994_c0_seq1	1.01713738318043	-2.24210383582609	10.6437279231974	0.00251969754536155	0.0476573257586264
comp7231_c0_seq1	0.716436376120197	-1.04657093590249	10.5922302355866	0.00257355100519834	0.0485157379709199
comp5284_c0_seq1	0.960969276235069	-1.53150503829357	10.5922061899248	0.00257357643648262	0.0485157379709199
comp1251_c0_seq1	1.0197743481978	-0.627210270005461	10.8531213307687	0.00258823152922499	0.0487116260129592
comp19196_c0_seq1	1.01214051268875	-2.55902328781021	10.5592602128563	0.00260867469825185	0.0490102047861095
comp32772_c0_seq1	0.842054020006238	-1.82273845990185	10.5555340821498	0.00261267635808304	0.0490102047861095
comp13284_c0_seq1	1.0623481641337	-0.459692728273314	10.9168466730846	0.00262279363371947	0.0490389434887254
comp5842_c0_seq1	0.767125519071821	-0.990582380376297	10.5272459423805	0.0026432712532795	0.0491770002322252
comp7787_c0_seq1	0.959132084046936	-2.24406393244428	10.5091234134031	0.00266307282403011	0.0493878960092857
comp10015_c0_seq1	1.06424972582471	-2.93750527453659	10.4786947706323	0.00269667842931352	0.0496884748007705
comp3889_c0_seq1	-2.89428253372969	0.0392351561619999	56.9154033539865	8.59067941402952e-08	0.000163566536043122
comp17578_c0_seq1	-3.42142898831257	0.964233445045993	56.9161775905756	1.15910346757495e-07	0.000189165685908231
comp83494_c0_seq1	-4.13681572344513	0.20035262652416	43.8879580994542	1.05846921214071e-06	0.000891030437441308
comp15085_c0_seq1	-3.41638488880715	-0.210961476808748	42.564104788724	1.24769231141949e-06	0.000891030437441308
comp12560_c0_seq1	-1.31416718780675	1.19056485419474	35.0031831920487	1.2744938611265e-06	0.000891030437441308
comp8945_c0_seq1	-2.23030349759225	3.0802843536033	39.2901571090868	1.56005519120484e-06	0.000990115028018003
comp78387_c0_seq1	-1.86969160511239	-2.02780938948474	31.2032645116019	3.18941887657518e-06	0.00153456027583347
comp8586_c0_seq1	-1.1775583034603	-1.16192075781176	30.3862982868521	3.72286797562459e-06	0.00153456027583347
comp32661_c0_seq1	-2.98038422723535	1.27167713460712	36.6358678015206	3.81075866159069e-06	0.00153456027583347
comp17122_c0_seq1	-2.24964499018814	-2.19104484167579	30.8921636188702	4.53700625101323e-06	0.00167195998101855
comp7363_c0_seq1	-1.14007743578491	-1.0057035415151	29.4330458386016	4.83313901513588e-06	0.001679759433618
comp16116_c0_seq1	-1.36206763671225	-1.23859824028873	28.9055930007101	5.59407292021842e-06	0.00182590540115929
comp31066_c0_seq1	-1.42820420231662	-1.09302043087847	27.7397756368289	8.6659957772243e-06	0.00235715085140501
comp76211_c0_seq1	-2.05543327368188	-1.4004988653065	28.8249481691087	1.11569252469655e-05	0.00289674350048487
comp17259_c0_seq1	-1.64436256857655	-1.03709321471703	27.1497774104974	1.39352975478667e-05	0.00326009624646856
comp17217_c0_seq1	-0.813508911665244	1.8383397806391	25.3750604975242	1.54151607144795e-05	0.00342499276107529
comp5139_c0_seq1	-0.9545681462529	2.44076589215756	25.2079376961173	1.61985713123775e-05	0.00349155620136981
comp10010_c0_seq1	-1.43335481682737	2.47654760667893	26.6231484945308	1.7333358342055e-05	0.0035342011557763
comp4957_c0_seq1	-1.45581415224943	-0.134705354797803	26.4484731016974	1.76338818171612e-05	0.0035342011557763
comp3482_c0_seq1	-1.19122241581678	-1.10531219130933	24.3695263030044	2.08198542737559e-05	0.00373177769550095
comp11607_c0_seq1	-1.28575000736544	-2.95467076149528	24.3001727626097	2.12603204095985e-05	0.00373177769550095
comp3490_c0_seq1	-1.56381338933545	-2.32840896093932	24.1696203136962	2.2116517157225e-05	0.00373177769550095
comp146_c0_seq1	-1.07995627083763	3.38897119007415	24.2230645238914	2.22129624732199e-05	0.00373177769550095
comp2740_c0_seq1	-1.18532246450151	2.68844620620891	23.9778251005926	2.77567627118465e-05	0.00446610221436809
comp16321_c0_seq1	-1.39729471119987	-1.84650609854709	22.9296401333511	3.23359372768414e-05	0.00499401305646344
comp7391_c0_seq1	-1.13487878521225	-0.224690863650274	23.1192530729412	3.36606272188099e-05	0.00499401305646344
comp9290_c0_seq1	-0.732337517425371	0.252394950001784	22.450131668255	3.75430001420039e-05	0.00549860555925964
comp3494_c0_seq1	-2.13618370454318	-2.71057651524885	22.2575697388516	4.6229444159881e-05	0.00617020806589557
comp5862_c0_seq1	-2.19819961517209	-2.04910873800734	23.3054030518516	4.62626679482363e-05	0.00617020806589557
comp30281_c0_seq1	-1.16965750514521	-2.42975823713412	21.7376077338085	4.69895047035115e-05	0.00617020806589557
comp16596_c0_seq1	-1.17417547567966	-2.32813390242772	21.5785892361168	4.94242671212534e-05	0.00634407671453033
comp12170_c0_seq1	-1.80340724877583	-2.83190967574091	21.5344622814802	5.01233981433445e-05	0.00636233000432853
comp9828_c0_seq1	-1.04609664963304	-0.710276563475452	21.4243826167426	5.19136418065479e-05	0.00639107605438773
comp26870_c0_seq1	-1.5476558394055	-2.31990844561675	21.1754442828703	5.62174088306098e-05	0.00653453521651297
comp159_c0_seq1	-0.968645243547174	3.7715812065644	21.0831227473109	5.79084881613243e-05	0.00655883720757747
comp27162_c0_seq1	-1.42389354946966	-2.78845344133502	21.0789107107013	5.79869185894017e-05	0.00655883720757747
comp3846_c0_seq1	-0.855951447269883	3.83151992413942	20.8144878674743	6.31437557126182e-05	0.00693609870443222
comp21139_c0_seq1	-1.02287598412298	-0.489928985339292	20.5228307620985	7.00861283895328e-05	0.00755622482606712
comp187_c0_seq1	-0.687062924780389	4.10545493670432	20.4327946711184	7.14641536142184e-05	0.00762996720456851
comp4371_c0_seq1	-0.808906144788502	2.29551153743244	20.3459854434131	7.35144178413114e-05	0.00777619175388094
comp5351_c0_seq1	-0.862288207361771	-1.16953980683061	20.107221835117	7.94825422223863e-05	0.00808403563085116
comp4730_c0_seq1	-0.678703872213058	0.898723506105188	20.0231772524466	8.17040546828818e-05	0.00818760632190563
comp5666_c0_seq1	-0.693069492941459	-0.722787366624257	19.6982174599389	9.0934307386033e-05	0.00863573898545542
comp11394_c0_seq1	-1.5251930905668	-2.80952547585562	19.6854289316536	9.13194905001882e-05	0.00863573898545542
comp970_c0_seq1	-0.90705930664491	-1.98717279430394	19.6385779825076	9.27454895478443e-05	0.00863573898545542
comp12719_c0_seq1	-0.793277444210815	0.490066871190528	19.4772119619499	9.78408511761807e-05	0.0087424765871981
comp19574_c0_seq1	-0.782978550472631	0.0618164718543709	19.4568211296719	9.85055877192964e-05	0.0087424765871981
comp15715_c0_seq1	-1.09080165698795	-1.53949226978975	19.3723005533797	0.000101312544736519	0.0087424765871981
comp12353_c0_seq1	-1.02138273612872	-1.42696339054224	19.3270619828496	0.000102849742708489	0.0087424765871981
comp4979_c0_seq1	-1.10849039625591	0.614114908482946	19.8989917829122	0.000103643618095909	0.0087424765871981
comp8720_c0_seq1	-0.923727927422821	0.891208355642315	19.3256138140724	0.000104296132694286	0.0087424765871981
comp10101_c0_seq1	-1.17829484598554	-1.7895388885644	19.2084129041933	0.000107000365057743	0.0087424765871981
comp12799_c0_seq1	-0.819083678009476	-1.31358502415403	19.1410983365619	0.000109434011902077	0.0087424765871981
comp62667_c0_seq1	-1.64668289727953	-2.60808390499107	18.9926093276367	0.000115012824355732	0.00899935962630055
comp10372_c0_seq1	-1.08176402566979	-1.63722201368307	18.8195433561377	0.000121898850784293	0.00934362517580749
comp2665_c0_seq1	-0.601161582120237	0.990564218720161	18.8004694647723	0.000122684154094111	0.00934362517580749
comp5333_c0_seq1	-1.71412368888604	-2.8866325210995	18.7718431979185	0.000123872850949113	0.00937167847180574
comp29516_c0_seq1	-1.02631653160141	-2.19788844467785	18.538169800714	0.000134046296830532	0.00981444561131162
comp421_c0_seq1	-0.711481912455233	0.123774490496398	18.5182950684735	0.000134951652520486	0.00981444561131162
comp11729_c0_seq1	-0.835692075678435	-1.87906847211266	18.4312752115595	0.000138992897681766	0.00985586076187532
comp11403_c0_seq1	-1.33775320665758	-2.12712152058294	18.4274694306756	0.000139172550291176	0.00985586076187532
comp5837_c0_seq1	-0.799895960664114	-1.14708458371301	18.0780698506391	0.000156765659059981	0.0107768570635251
comp754_c0_seq1	-1.26591159214772	-1.87984445298541	18.0323651947816	0.000159236346319466	0.0108280715497237
comp8758_c0_seq1	-0.581013129107791	1.54609816354865	17.9675444678388	0.000162811638667381	0.011005681420924
comp40693_c0_seq1	-1.47400570895504	-2.8571277242476	17.7655285475817	0.000174512270641126	0.0113274328397967
comp820_c0_seq1	-0.654632679129065	1.86150216451703	17.7309512649704	0.000176603022581319	0.0113876697220403
comp33620_c0_seq1	-1.36735470382455	-1.59904803219948	17.9639554357543	0.00018303342817903	0.0116814183436717
comp2543_c0_seq1	-0.879261880354224	1.41728356443128	17.4655402526619	0.00019583994697936	0.0123606384215039
comp9742_c0_seq1	-1.40308771842067	-0.751857459440213	18.4381411027844	0.000199999428518609	0.0124925572814683
comp853_c0_seq1	-0.939344505452464	0.370356407097005	17.5355811887597	0.000200117120317638	0.0124925572814683
comp16647_c0_seq1	-1.29207546342894	-1.01299754143939	17.9157853541405	0.000203859516908346	0.0126570169628312
comp10172_c0_seq1	-1.41043523019737	-2.54593225967835	17.2586803890348	0.000207986339120968	0.0127743867640749
comp45425_c0_seq1	-1.26708868311205	-2.06772374792484	17.2195266044469	0.000210842096303101	0.0128088781117083
comp25359_c0_seq1	-1.52549686706713	-0.661326932426335	18.585447546919	0.000211911586406938	0.0128088781117083
comp37002_c0_seq1	-1.34708886860186	-2.31145064175034	17.1569676942114	0.000215491835004795	0.012858683221922
comp10208_c0_seq1	-0.82697539436963	-0.0126664936097781	17.1487281915835	0.000216112323057512	0.012858683221922
comp10236_c0_seq1	-0.765064082654224	-1.24300329466272	17.0946305554088	0.000220233712640481	0.0129023073497685
comp1822_c0_seq1	-0.522249700115314	1.52947371711505	17.0618164441183	0.000222774296586927	0.0129845590010666
comp3958_c0_seq1	-0.703098278543892	-0.371659648738851	17.007258517813	0.00022706760741677	0.0130161905562618
comp13696_c0_seq1	-1.04431061943331	0.0945115162565021	17.419324340242	0.000229229634465376	0.0130284544484202
comp8263_c0_seq1	-1.27282273815476	-1.11996164035083	17.3968376555307	0.000234594823573339	0.013137310120107
comp1696_c0_seq1	-0.640707071255974	-0.205539965535902	16.3890320459745	0.000282361659070333	0.0148649750839608
comp8554_c0_seq1	-1.16155378083709	-2.02632153193544	16.3531974587351	0.000285977956750085	0.0149497812746886
comp53080_c0_seq1	-0.69847401008154	4.39544708981495	16.1874887833716	0.000303353317315497	0.0152906719037529
comp7611_c0_seq1	-0.857835166257144	0.0111056625047644	16.1670147160359	0.000306206637049628	0.0152906719037529
comp2445_c0_seq1	-0.707986949484719	1.14414206375868	15.8938206896712	0.000336964871409189	0.0164507978246947
comp14598_c0_seq1	-1.49852940071701	-2.3949140430447	15.9319592534284	0.00034266071840356	0.0165871018942469
comp22171_c0_seq1	-1.16747484527564	-3.16761513878301	15.8202005094434	0.000345997961232531	0.0166779776756136
comp2288_c0_seq1	-2.4315152946959	6.66414493986791	17.6091106226378	0.000359066531444996	0.0169040970761373
comp19690_c0_seq1	-0.949696918640783	-0.446695748577696	15.8287508466417	0.000362440781252105	0.0169040970761373
comp7574_c0_seq1	-0.633235862479608	-0.178995035481952	15.6856913775811	0.000363174306967788	0.0169040970761373
comp517_c0_seq1	-2.1767759491488	-1.03925365324787	17.4221224074678	0.000364006292080687	0.0169040970761373
comp11849_c0_seq1	-0.624112224629994	-0.885098128904064	15.6659691982252	0.000365768092964471	0.0169171445102272
comp30066_c0_seq1	-1.57544939671831	-2.3176103834556	15.8851346337589	0.000371578882588209	0.017024143185078
comp5568_c0_seq1	-0.753224992230974	1.6387611184618	15.5779389300672	0.000377588266825919	0.0170496773131198
comp21088_c0_seq1	-1.16241849249683	-2.48529650112884	15.5405860985772	0.000382726038312246	0.0172136309514925
comp2875_c0_seq1	-1.7059618651119	-3.37692802544701	15.5242212518274	0.000385000369072382	0.0172480165344427
comp4486_c0_seq1	-0.934807920190618	3.08443197765967	15.6663197137523	0.000389502091753402	0.0173152541140599
comp11874_c0_seq1	-1.27037154884506	-2.82265900022789	15.491914510547	0.000389532589925893	0.0173152541140599
comp9472_c0_seq1	-0.95968657071848	0.154197646391468	15.7550144126369	0.000392602874838697	0.0173840900858809
comp21117_c0_seq1	-1.11260419456579	-1.69024706028113	15.4141825542445	0.000400671719973498	0.0175374472374607
comp5737_c0_seq1	-1.04125654596594	-2.34142440034701	15.2824158662533	0.000420335916338644	0.0182317124275599
comp5339_c0_seq1	-0.883811881499397	-0.200442522621032	15.2933387571463	0.000430852770077295	0.0185039926517407
comp42765_c0_seq1	-1.58987931976958	-2.50435485716251	15.3032648834427	0.00044187861337745	0.0185996490557103
comp13007_c0_seq1	-0.729245218783319	-1.43612375583142	15.0968692342387	0.000449786560512699	0.0187346816324258
comp15849_c0_seq1	-1.73458601475694	-3.20052000779766	15.0944060450537	0.000450191994835926	0.0187346816324258
comp12715_c0_seq1	-0.603730383309967	3.27339503397612	15.0896030750403	0.000450983670248346	0.0187346816324258
comp11842_c0_seq1	-0.793607146462131	-0.386618209473349	14.9519753594998	0.000474310443782438	0.0192829982554113
comp16929_c0_seq1	-1.51234894631604	-2.45899516500589	15.0072198645638	0.000488858348430093	0.0196277902723487
comp3782_c0_seq1	-0.83986462380779	-0.517200583939818	14.8325348936189	0.000495596714252326	0.0197271667721902
comp3453_c0_seq1	-0.948107048955628	-1.81362769755515	14.7913153064667	0.000503176936083368	0.0198217010959186
comp30135_c0_seq1	-0.822321785111299	-0.954703155423766	14.7638687634	0.000508292726153357	0.0199544195999174
comp3989_c0_seq1	-0.797146663008477	-1.12812220967329	14.7344121149436	0.000513844860766681	0.0199970336774197
comp3078_c0_seq1	-0.973501034725217	0.163212413551678	15.0871418378325	0.000514629543168888	0.0199970336774197
comp2343_c0_seq1	-0.715160854974319	1.15860825430767	14.6986787019667	0.000520666901278843	0.0201630463735916
comp24243_c0_seq1	-1.22064577020708	-2.44047360562141	14.6615567383664	0.000527856294649005	0.0201778320349503
comp26246_c0_seq1	-1.70209627529166	-2.83909314254939	14.8014439975377	0.000528423970609126	0.0201778320349503
comp7152_c0_seq1	-0.638185487151686	-0.0487276801365346	14.5980202406742	0.000540407836260619	0.0202607986641875
comp17198_c0_seq1	-1.08359115858974	-2.39344074701603	14.571575676157	0.000545725258517816	0.0203737429846651
comp49331_c0_seq1	-0.579403030830837	1.90736886260886	14.547309635063	0.000550653671560032	0.0204673978471301
comp5607_c0_seq1	-0.564655555958005	0.455266893474226	14.5105591790534	0.000558208130422434	0.0205503022504221
comp12524_c0_seq1	-0.848315863167589	0.417996248689465	14.5814761638421	0.000564446268715644	0.020667417223742
comp14614_c0_seq1	-0.625941096533869	2.12466649869028	14.4583559219031	0.000569129430690708	0.0207633378378572
comp893_c0_seq1	-1.88014349640083	-3.19221238170002	14.5514211493337	0.000570700987490122	0.0207633378378572
comp23799_c0_seq1	-1.03842348019883	-1.00961139182435	14.5048905300869	0.000592777217793742	0.0213624193567057
comp11867_c0_seq1	-0.712816095714555	-0.40096085099275	14.2912881141083	0.000605637986951132	0.0216890544292468
comp17521_c0_seq1	-1.40439335385618	-1.03088538904978	15.0621730264248	0.000625219044393177	0.0222180551108298
comp52672_c0_seq1	-1.05854412651138	0.496607809552062	14.7660391112956	0.000632771874193457	0.022346106404624
comp3087_c0_seq1	-0.753796281749299	-1.51534940171704	14.1697308023077	0.000633765622820217	0.022346106404624
comp1797_c0_seq1	-0.853660338170289	-1.70050610480912	14.0937412769515	0.000652053618287364	0.0227105504125453
comp14593_c0_seq1	-0.945802212548851	-2.34260882190837	14.0355513418864	0.000666437749047814	0.0230708631670371
comp2966_c0_seq1	-0.713524230704515	5.06060565112176	13.964532244081	0.000684452759970755	0.0234810460357535
comp4587_c0_seq1	-0.555046796135656	0.574714041798436	13.9467343092272	0.000689048300207812	0.0235679274897426
comp11007_c0_seq1	-1.55608212777995	-2.67631618682297	14.0013415162952	0.000698638448515795	0.0237001767194478
comp16643_c0_seq1	-0.727708381190853	-1.73988715891265	13.9021995730108	0.000700692125620945	0.0237001767194478
comp17453_c0_seq1	-1.16782143522798	-2.16827540462035	13.892379233429	0.000703287807063445	0.0237001767194478
comp8023_c0_seq1	-0.590538713346845	-0.894175641858326	13.8840440899778	0.00070549896528112	0.0237047652334457
comp4737_c0_seq1	-0.639153923099446	-0.912884735871028	13.8347365143633	0.000718731794828379	0.024042308879692
comp14022_c0_seq1	-0.756512847065578	-2.29547321935961	13.8309679656473	0.000719753994822712	0.024042308879692
comp6802_c0_seq1	-0.845201748800568	-1.31088192471991	13.8097814783712	0.000725529634925071	0.0241645788611779
comp7128_c0_seq1	-0.712688139276905	-0.788042967552628	13.7456006230262	0.00074332939816641	0.0242785797072274
comp7299_c0_seq1	-0.731095171926535	-0.0141266722710989	13.6551811449644	0.000769200043897946	0.0247536710505403
comp16959_c0_seq1	-1.2202755726687	-1.4348887406673	13.9569401955157	0.000777310014789241	0.0249437910363828
comp3028_c0_seq1	-0.545787258314322	-0.0717705450206377	13.5957903149375	0.000786713852407446	0.0251048579863366
comp3483_c0_seq1	-1.31269906266947	-2.73766343220586	13.5957550865763	0.000786724366168463	0.0251048579863366
comp26345_c0_seq1	-0.945431650684827	-2.48116279885404	13.5825491653001	0.000790676189951594	0.0251606818774568
comp9254_c0_seq1	-1.40235747917064	2.02828923022703	14.6875842699514	0.00079679470311437	0.0252592053682101
comp5662_c0_seq1	-0.684201358624563	0.670525487170163	13.5567229716998	0.000798465863308198	0.0252592053682101
comp2436_c0_seq1	-0.953617918705306	-1.12481780996538	13.575984295258	0.000800405492234949	0.0252592053682101
comp3040_c0_seq1	-0.570841885771422	-0.616068054477674	13.3556061574379	0.000861999169079775	0.0266148067772091
comp53344_c0_seq1	-1.15976753848915	-2.99714378444277	13.30376992382	0.000879233441827819	0.0269317386014681
comp11444_c0_seq1	-0.825050917356866	0.0709046917934059	13.3898435797337	0.000879336353146675	0.0269317386014681
comp10094_c0_seq1	-0.863940060152085	-1.42461004469656	13.2858584638539	0.000885273651060597	0.0270410860687601
comp2992_c0_seq1	-0.506439290414269	0.810336645740352	13.2741495548204	0.000889246100667889	0.0270582775540063
comp6059_c0_seq1	-0.797148269031235	0.252325616128111	13.3112407997342	0.000896084646034167	0.0270773291667415
comp10631_c0_seq1	-0.959005527413912	-1.34691550926422	13.2407522889102	0.000900681467381108	0.0270773291667415
comp19189_c0_seq1	-2.07191906685013	0.69459784055478	14.6137619190948	0.00090325712063355	0.0270791017486843
comp32568_c0_seq1	-1.0709741836426	-0.665356022466295	13.5806150818123	0.000926429386248627	0.0274184697111511
comp2704_c0_seq1	-0.705844844979944	-0.358931046582933	13.1529779411671	0.000931489874345104	0.0274970034225283
comp11299_c0_seq1	-0.983572299110354	-1.04014701188049	13.2586060573078	0.000935242717153924	0.0275366309298104
comp17248_c0_seq1	-0.612227116631663	-0.723713467528385	13.1273179054294	0.000940707246856122	0.0276263228485458
comp1075_c0_seq1	-1.12520923989656	-0.307951081510453	13.7184842648207	0.00095372461892255	0.0278330528966709
comp4968_c0_seq1	-0.618124845089415	-0.273512294646132	13.0911523575041	0.000953863806728668	0.0278330528966709
comp3806_c0_seq1	-0.675085448467978	0.514677341782018	13.081191567973	0.000957521775349578	0.0278339154239022
comp14949_c0_seq1	-0.641569574749238	0.346711852760538	13.064660064065	0.000963625805781249	0.0278877768198399
comp2909_c0_seq1	-0.598377161722788	-1.11439421482191	13.0629570081406	0.00096425698913137	0.0278877768198399
comp2503_c0_seq1	-0.453179155327669	0.459196675363329	13.0461337414058	0.000970515736314286	0.0279273848152504
comp2357_c0_seq1	-0.981229535153448	1.85467079508016	13.4657506552656	0.000974273941022296	0.0279650892016048
comp3673_c0_seq1	-0.638262523203292	-0.546661092834709	13.0109791229782	0.000983734557311394	0.028156954494391
comp788_c0_seq1	-0.698125409657126	3.45414110215104	13.0053005483705	0.000985887762408649	0.028156954494391
comp11838_c0_seq1	-1.14902146292409	0.617488893225326	13.7252377812035	0.00100515600179538	0.0284270038812273
comp18271_c0_seq1	-1.07328189244165	-2.670020214989	12.9461795076355	0.00100860624422104	0.0284270038812273
comp5151_c0_seq1	-1.67959584906188	0.980761938188076	14.1905193739448	0.00100900193441719	0.0284270038812273
comp2171_c0_seq1	-0.518819014122982	-0.120309450456098	12.9383830234567	0.0010116436226121	0.0284270038812273
comp30815_c0_seq1	-1.46109002459548	-2.94500007256156	12.932595308834	0.00101390472635772	0.0284270038812273
comp850_c0_seq1	-0.71263538439788	0.885991321662814	12.9276844506075	0.00101582749274767	0.0284270038812273
comp2167_c0_seq1	-0.875941049157077	-2.17701657943601	12.8990492235213	0.00102711687387705	0.0284800562309986
comp5027_c0_seq1	-1.21381201664684	-2.89719194194599	12.8711260417687	0.00103825447196481	0.028719174546552
comp5046_c0_seq1	-1.38798402454154	-0.428682113767954	13.7503213652853	0.00107101134870242	0.0292748673981677
comp887_c0_seq1	-1.55115026253038	-0.0491455668606817	13.845837249766	0.00110228322816872	0.0299108874075997
comp6134_c0_seq1	-1.24739904119526	-1.30913907239075	13.1041319965912	0.00112804796878459	0.030486769793316
comp11049_c0_seq1	-1.48178678858505	-0.434122785932365	13.6878909722853	0.00112884310421679	0.030486769793316
comp7634_c0_seq1	-0.589996439260301	-1.12396797277748	12.5609955545928	0.0011709918665671	0.0313288315776642
comp14629_c0_seq1	-0.807104136835139	-1.10695090704876	12.5100591001313	0.00119447152761712	0.0316414691465446
comp27_c0_seq1	-0.546094620484112	5.54444622194207	12.4971327568882	0.00120050961875136	0.0316414691465446
comp3373_c0_seq1	-0.902985417558346	0.648528285936577	12.7933266490585	0.00120206561708686	0.0316414691465446
comp184_c0_seq1	-0.55861982379288	1.42590708410804	12.4658813604484	0.00121524257081427	0.0317001783297774
comp10348_c0_seq1	-0.842093821262368	-1.57892650672631	12.4658671131422	0.00121524933129688	0.0317001783297774
comp7155_c0_seq1	-0.729268105975246	-0.752158792465362	12.4655591075744	0.00121539549268579	0.0317001783297774
comp2624_c0_seq1	-0.578048045865082	-0.369099555271167	12.4249740822444	0.00123481981527129	0.0319877133098848
comp3747_c0_seq1	-1.90105531568975	-2.73595942312875	12.8463328239483	0.00125741457849922	0.0324259687240974
comp11325_c0_seq1	-0.753490935035453	-1.34580081049498	12.3236698524807	0.00128476485045137	0.032834795641066
comp23914_c0_seq1	-1.34907209425601	-2.21439174849992	12.4832575224926	0.0012905130534114	0.0329080828619908
comp8919_c0_seq1	-1.52180621557798	-3.17372985045979	12.2926411289115	0.00130049054074151	0.0330886501947239
comp2611_c0_seq1	-0.653554341851275	2.33925004690496	12.2287838225722	0.00133350418785683	0.0333502883596229
comp8594_c0_seq1	-0.827491616971124	-1.21814931663516	12.2182745164125	0.00133902257824597	0.0333502883596229
comp4818_c0_seq1	-0.475695543267232	0.154026216753297	12.2164575072879	0.00133997915040991	0.0333502883596229
comp22240_c0_seq1	-0.497088431529222	0.89968829349975	12.2083665543007	0.0013442475298926	0.0333502883596229
comp15394_c0_seq1	-0.757493508158694	-0.255158443880707	12.2054200136693	0.00134580557893786	0.0333502883596229
comp1538_c0_seq1	-0.528115839222909	2.49962458746536	12.1829511592453	0.0013577500598176	0.0333568530824867
comp10545_c0_seq1	-0.626374320509161	0.946931007479749	12.1516461953298	0.00137458082963722	0.0336978785359992
comp4571_c0_seq1	-0.672065760399515	-0.785821236880683	12.1306423664369	0.00138599804353678	0.0338325676268464
comp15433_c0_seq1	-0.587810852671809	-1.33542430640082	12.1145733597234	0.00139480112538795	0.0339748572631811
comp8708_c0_seq1	-0.884569450735056	-1.95454444471297	12.1085702321799	0.00139810511352867	0.0339792593289265
comp3802_c0_seq1	-0.47534790983592	0.985417679217485	12.0919247149371	0.00140731020869167	0.0339896655900499
comp3887_c0_seq1	-1.59695211321682	0.827362337683903	13.1308263520984	0.00143463512500276	0.0345037298274349
comp17826_c0_seq1	-0.790784604868664	-2.5778746513617	12.0153156434566	0.00145051751881875	0.0347068108621346
comp8974_c0_seq1	-0.771949442889037	-1.39337896787785	12.0026243452877	0.00145781107309136	0.0347068108621346
comp14250_c0_seq1	-1.32696770825596	-2.13444669807306	12.1386191120407	0.00145826936395523	0.0347068108621346
comp10017_c0_seq1	-1.26319790845986	-2.59610487466064	11.9930969203769	0.00146331210577585	0.034754423069404
comp10031_c0_seq1	-2.22429393795042	-2.4797316853273	12.7756287196391	0.00148994411154013	0.0351676064674267
comp5145_c0_seq1	-0.829319643169207	0.0343111162272417	12.0723589143429	0.00149995655713982	0.0352582380838792
comp12767_c0_seq1	-0.526297858808538	-0.912474221492637	11.8143378880917	0.0015707416093654	0.0366956076592849
comp44848_c0_seq1	-1.29240970437262	0.254628237921699	12.6087079505518	0.0016116110029418	0.0375658299364787
comp2553_c0_seq1	-1.31216727451364	1.20170531656105	12.6217806915421	0.0016178561212139	0.0375658299364787
comp4027_c0_seq1	-0.942968307865913	-2.21772694446024	11.7130503091743	0.00163532459248161	0.0378177087945545
comp19246_c0_seq1	-0.795203170791867	-2.08408050991869	11.6856665327116	0.00165326786708572	0.0380784921644905
comp3726_c0_seq1	-0.492935122155485	0.398477565569123	11.6062918881235	0.00170647654766243	0.0389117526556799
comp3410_c0_seq1	-0.577434274282865	0.811812665501246	11.5781689129356	0.00172576507178667	0.03919510970197
comp1641_c0_seq1	-0.554822813147035	1.57518477659717	11.5504452798882	0.00174500778388035	0.0393971717846821
comp4665_c0_seq1	-0.608496054183671	-0.507525767216316	11.5447298467541	0.00174900323082006	0.0394094929169395
comp5290_c0_seq1	-0.906454367198426	-2.5903452597921	11.4921996223084	0.00178618610988164	0.0399322702921485
comp1146_c0_seq1	-0.958160824359796	-2.05371620600835	11.4677363812307	0.00180378947148901	0.0401685982890653
comp2127_c0_seq1	-0.474824160065245	-0.0605644320187832	11.4461917722976	0.00181944613868989	0.0403006755603986
comp2703_c0_seq1	-0.606900491380812	-1.67082677849333	11.4241711922644	0.00183559881493188	0.0404043947240497
comp2520_c0_seq1	-0.875511744510049	0.0605853038483505	11.6395694744039	0.00185979767112242	0.0407392632100071
comp6613_c0_seq1	-1.87340059266768	0.329372149815936	12.4209314690559	0.00186507656327326	0.0407392632100071
comp2025_c0_seq1	-0.727233490566274	-1.15815934585564	11.3761575468697	0.00187135167955497	0.0407983236397633
comp22093_c0_seq1	-0.763690241745298	-1.67427005140138	11.3703996835323	0.00187568891414802	0.0408149907718608
comp61691_c0_seq1	-0.930123404525119	-1.44428255906053	11.3431857940349	0.00190669939547499	0.0413227433072518
comp13546_c0_seq1	-1.00695332652553	-0.689538234158955	11.5818944109307	0.00196530838874844	0.0418874683452652
comp84714_c0_seq1	-1.30960248707176	-0.861863935186611	11.926679271669	0.00196956100147605	0.0418999346012336
comp37431_c0_seq1	-0.883853867775507	-1.18457665416276	11.2501562600418	0.00198724996909771	0.0421976647713239
comp4536_c0_seq1	-0.706531763304987	-1.32845668722963	11.2175814618692	0.00199481803412364	0.0422797796323347
comp16391_c0_seq1	-1.09713632479096	-2.43949042795937	11.1484964162394	0.00205130377329562	0.0430910849902751
comp29755_c0_seq1	-1.72661814164239	-3.41806434255101	11.155865652999	0.0020627577656035	0.0430910849902751
comp11769_c0_seq1	-0.829370674733584	-0.170762437497911	11.2904031811363	0.00206285025693231	0.0430910849902751
comp6580_c0_seq1	-1.17929999008396	-2.96867617870206	11.1315634438329	0.00206540783918251	0.0430910849902751
comp393_c0_seq1	-0.629429085803041	3.55134714963811	11.1260271906465	0.0020700416306018	0.0430910849902751
comp99324_c0_seq1	-0.98610423006201	-2.4360117464268	11.1185769262211	0.00207629497487515	0.0430910849902751
comp3118_c0_seq1	-0.455787920514117	1.6128810186994	11.1161215794332	0.00207836027920532	0.0430910849902751
comp17458_c0_seq1	-1.25331820987558	-3.19800966415382	11.1110646027321	0.00208262085402182	0.0431011968049732
comp5365_c0_seq1	-1.12596877750893	-2.14112025845636	11.1116399694805	0.00210338068603868	0.0433805203762912
comp4578_c0_seq1	-0.509927483196558	2.96606415905719	11.0793589412833	0.00210954695243645	0.0433805203762912
comp6514_c0_seq1	-0.757554214274095	-2.15527737088378	11.0788863054197	0.00210995114288239	0.0433805203762912
comp9523_c0_seq1	-1.20929168967736	-2.34915284823041	11.1190663513047	0.00211130683904218	0.0433805203762912
comp12531_c0_seq1	-0.615692935714495	-0.946176901033504	11.0691636575058	0.00211828418248629	0.0434344992979296
comp24247_c0_seq1	-0.828809823846509	-2.24789496461359	11.0571135742577	0.00212866085188749	0.0434344992979296
comp7903_c0_seq1	-0.70864747590975	-1.0261818338871	11.0565562150224	0.00212914212244753	0.0434344992979296
comp3231_c0_seq1	-0.551899616020919	1.45909374320707	11.0353074510517	0.00214757709289916	0.0437324789826739
comp2093_c0_seq1	-0.677245571842241	9.25524103885868	10.9752451976116	0.00220061459958443	0.0444952587356682
comp19569_c0_seq1	-0.799779544172314	-1.06775879480337	10.9521217758853	0.00222140532860948	0.0447572036579095
comp3470_c0_seq1	-0.730817105090918	-0.717512039576076	10.9076801924683	0.00226195555233478	0.0454939792779446
comp11212_c0_seq1	-0.873043005356909	0.0657252880719897	11.1344278455893	0.00228907655043883	0.0458779131793213
comp9249_c0_seq1	-0.77693500043335	-1.92056023108605	10.8536176273007	0.00231235410161958	0.0459712233420994
comp2813_c0_seq1	-0.693039822108963	-1.90585970063055	10.8464236601885	0.00231915049221159	0.0459712233420994
comp6918_c0_seq1	-0.519250106711172	-0.82024821481481	10.8404172634694	0.00232484130344645	0.0459712233420994
comp15482_c0_seq1	-0.937690552214741	-1.87325020299761	10.8392752620203	0.00232592499052289	0.0459712233420994
comp11460_c0_seq1	-1.16534174553146	0.671640058470298	11.5126835096607	0.00233467263186294	0.0460644216690885
comp60895_c0_seq1	-1.39781115367943	0.448235556870062	11.6409942291275	0.00236130582349166	0.0462336719746557
comp26411_c0_seq1	-1.09147120272721	-2.97838863968835	10.7961206422744	0.0023672744100275	0.0462336719746557
comp7563_c0_seq1	-1.59650621831723	-3.42851552255913	10.7916733121305	0.0023715801625655	0.0462336719746557
comp458_c0_seq1	-0.497904790620707	1.73271205195454	10.7850169656949	0.00237804026178855	0.0462750617912686
comp2692_c0_seq1	-0.71369732749289	1.99051021944147	10.8021860569462	0.00238585533920319	0.0462750617912686
comp32314_c0_seq1	-0.949164608572007	-3.02363765724879	10.7603031702308	0.00240219053583474	0.0463686143757613
comp4848_c0_seq1	-1.221269914275	-2.51094204727721	10.7791986285953	0.00240285536681116	0.0463686143757613
comp7725_c0_seq1	-0.801161704781421	-1.86800609250179	10.7375725410075	0.00242463448066169	0.0465529820287044
comp27112_c0_seq1	-1.05348236111724	-2.95910734174813	10.7187132002718	0.00244342616821698	0.0466784290062053
comp81_c0_seq1	-1.51146014622829	-2.59918218040535	10.926827498159	0.00244807532568405	0.0466891694834969
comp9721_c0_seq1	-0.844348768620075	0.559195433944721	10.931102008369	0.00246842913532781	0.0469206895873294
comp3367_c0_seq1	-0.820379659114502	-1.1940420042646	10.6648302330087	0.00249797916099454	0.0474035115202684
comp11776_c0_seq1	-0.59477840313233	0.0678552098661747	10.6441749687737	0.00251923536048989	0.0476573257586264
comp821_c0_seq1	-0.668042526177749	-1.29629738649059	10.5503762367943	0.00261822643913511	0.0490338013781631
comp5489_c0_seq1	-0.629412659248781	-0.715615326081336	10.5410446726441	0.00262829970769585	0.049061594543656
comp35130_c0_seq1	-1.04069521637274	-2.99976475943601	10.5346826932659	0.00263519111946928	0.0491099891497832
comp12755_c0_seq1	-0.618553631756752	-1.04126510703474	10.5234587390237	0.00264739628351002	0.0491770002322252
comp5191_c0_seq1	-0.684986541283155	-1.54270950123161	10.4977570922526	0.00267557315497049	0.0495392993879787
comp2333_c0_seq1	-0.685361745644322	-1.52277678455534	10.4924543412972	0.00268142641606124	0.04956733879787
comp15272_c0_seq1	-0.857386987855495	-1.44366717035884	10.4831331162369	0.00269174856038826	0.0496777634149846
