logFC	logCPM	F	PValue	FDR
comp9838_c0_seq1	6.41164739141153	1.07669292487298	150.211187926026	9.36735721585622e-16	1.19405702430519e-11
comp397_c0_seq1	6.24349111810136	-1.07417713035067	117.999711261234	5.14723984045376e-14	3.2805933123132e-10
comp18131_c0_seq1	5.0080674402188	-1.48520585547284	82.1905072533841	1.30222386584209e-11	5.53314920596302e-08
comp8152_c0_seq1	-2.01308442445145	-1.12658689204128	64.1975106876429	3.97943204675768e-10	1.26814550750051e-06
comp3387_c0_seq1	-1.60993675790604	0.751979000009022	57.6124668237824	1.61278685349237e-09	4.11163880429346e-06
comp9997_c0_seq1	2.05049768244072	-0.400824820575206	52.3854707562495	5.24292405965336e-09	1.11385921647336e-05
comp46_c0_seq1	2.35833986068512	4.5507165433498	51.3273790545027	6.70962823517438e-09	1.22182330162526e-05
comp6041_c0_seq1	1.31948370687846	1.06252223541071	45.9087333979147	2.48503317498974e-08	3.95958973519927e-05
comp5990_c0_seq1	2.77291336226496	-0.985712995149156	44.541814816883	3.50267007368942e-08	4.96094838103545e-05
comp7723_c0_seq1	2.6052529194944	-1.03041809931143	42.8661010261622	5.37581542813294e-08	6.85255192624106e-05
comp68330_c0_seq1	2.62914123407911	-1.93101835492531	42.0286340788433	6.68083767792023e-08	7.23925130413813e-05
comp627_c0_seq1	1.42926506271426	2.36530358400131	41.9524311939082	6.8150165254301e-08	7.23925130413813e-05
comp2641_c0_seq1	2.48338148041118	-1.5629651693356	41.1927109548779	8.3177364479991e-08	8.15586050020343e-05
comp787_c0_seq1	2.3470687698293	-1.34628042078916	38.2646131291495	1.82501001417733e-07	0.000166167161790846
comp12301_c0_seq1	1.86795837237368	-0.0289221298887581	37.9453749291512	1.99177075362833e-07	0.000169260678643336
comp65986_c0_seq1	-3.52275474554769	-3.29738103433304	37.1761415864029	2.46254361639942e-07	0.00018548298797843
comp77_c0_seq1	-2.99195352194146	-2.20828084669632	38.0424382416913	2.65801228871123e-07	0.00018548298797843
comp5778_c0_seq1	5.80144429807053	-2.58357976192402	38.0953284847125	2.75187877597572e-07	0.00018548298797843
comp25718_c0_seq1	-3.89824149816104	-3.16171800175783	36.7363002040933	2.78282068228477e-07	0.00018548298797843
comp11021_c0_seq1	7.22161762289949	-1.79327240348547	40.3415679954434	2.91022182440464e-07	0.00018548298797843
comp8572_c0_seq1	-1.50142282430767	1.08720750424477	35.9442519239813	3.47440894936608e-07	0.000210896623226521
comp2884_c0_seq1	1.66602791932892	0.1439331749481	35.4277457329174	4.02055652044308e-07	0.000232954699845854
comp4104_c0_seq1	1.76263503131501	-0.733182205889774	34.9850060783425	4.56019618623095e-07	0.000248420162011931
comp9052_c0_seq1	2.35124783631519	-1.53689176529663	34.8962306584517	4.67724475428441e-07	0.000248420162011931
comp2112_c0_seq1	1.79948025239173	-0.777534120760764	34.2357590903076	5.65314814721458e-07	0.000288242717730177
comp24764_c0_seq1	-3.69030760922592	-3.47779661790461	33.9424157951306	6.15289566863245e-07	0.000301657542646376
comp8609_c0_seq1	2.0562180814377	0.115788521176889	33.0420436123839	7.9969013314578e-07	0.000377542597304046
comp22073_c0_seq1	1.71068823053675	-0.362929880070362	32.5514604949042	9.23733137850516e-07	0.000420529511006448
comp14452_c0_seq1	3.4479511504374	-1.98575508244494	32.2433575236176	1.01180198802138e-06	0.000444739308320986
comp1408_c0_seq1	1.99820249856687	0.707062674963696	30.7528769410781	1.67041268395046e-06	0.000709758349410551
comp5944_c0_seq1	1.950145509307	-1.14053349232443	30.1586232968726	1.89346429825148e-06	0.000769415020839685
comp35004_c0_seq1	-1.94166330777303	-0.754564727804506	31.2072293657273	1.93153531551502e-06	0.000769415020839685
comp61984_c0_seq1	-1.97310080504883	-2.16307999184274	29.8716543276714	2.06709282861646e-06	0.000798461584435578
comp7124_c0_seq1	-2.17098930030916	-1.59691233144399	30.0651971296505	2.21981977144869e-06	0.000832236547842835
comp3490_c0_seq1	-2.26971824036157	-2.18000502246306	29.1288835463324	2.59851014370232e-06	0.000946377394336384
comp12170_c0_seq1	-2.60069198998806	-2.6588650468905	28.9981866919722	2.70595445153654e-06	0.00095813337204823
comp15903_c0_seq1	-1.25932831805265	0.0490970381028275	28.8582961984998	2.82612822764145e-06	0.000973639365344475
comp6795_c0_seq1	1.47928886125035	-0.572384685876906	28.3431122886216	3.31916127997478e-06	0.00111048344612155
comp4990_c0_seq1	1.33332446376306	1.32200324046699	28.2686335302604	3.39757232280069e-06	0.00111048344612155
comp14061_c0_seq1	1.57925835144326	-1.3855593275763	27.9731213294997	3.72832941349244e-06	0.00118405290402644
comp43008_c0_seq1	-5.19136947852891	0.310651533093597	31.6904720568301	3.80843877501249e-06	0.00118405290402644
comp12379_c0_seq1	-1.35830614904862	0.373632691776311	27.6931053077345	4.07295298290004e-06	0.0011878953453625
comp12067_c0_seq1	-1.63442106802759	-1.20234516840279	27.6824357129238	4.08672660955672e-06	0.0011878953453625
comp40125_c0_seq1	-4.52902228650103	-2.83399172411024	29.9933902756719	4.10036833733035e-06	0.0011878953453625
comp23616_c0_seq1	1.64752492775029	-0.913003782284643	27.4036610605454	4.46444900673022e-06	0.00126462958863978
comp48838_c0_seq1	-1.4018315475408	0.778163804729742	27.1132390020249	4.89707689720766e-06	0.00135702259149361
comp847_c0_seq1	5.65214193949565	-0.426139544208202	29.8844241334768	5.53617157223013e-06	0.00150148040491952
comp1913_c0_seq1	-1.42624546128164	0.751441388008451	26.5921079101196	5.78712999850565e-06	0.00153684471022816
comp7991_c0_seq1	1.00460330217376	-0.522326047994891	26.2208732729661	6.52354014533554e-06	0.00169705237209372
comp8492_c0_seq1	1.25192474651775	0.689517700953339	26.1154848193591	6.75002804312309e-06	0.0017208521493138
comp25743_c0_seq1	2.54783145974636	-2.29929777313889	26.0376593161149	6.92256124672662e-06	0.00173023310219655
comp1993_c0_seq1	1.70390635030135	-0.488245547211268	25.8502616771591	7.3572415813117e-06	0.00180351458532654
comp14470_c0_seq1	-1.73982620203245	-1.96047669131587	25.5759803122443	8.04572246297622e-06	0.00191332244354938
comp6625_c0_seq1	2.26587071898117	-2.12952499846283	25.553378023213	8.10539044101881e-06	0.00191332244354938
comp14896_c0_seq1	-3.60051905480416	-3.63601782778358	25.3249801768293	8.735021191788e-06	0.00200474826393474
comp25912_c0_seq1	2.04958315566618	-1.24087856898833	25.2998922091716	8.80724113754966e-06	0.00200474826393474
comp63256_c0_seq1	-3.41512022232926	-3.59317553320055	25.1589609528042	9.22473455059025e-06	0.00205107685552633
comp9470_c0_seq1	2.79357551343552	-2.24655873273242	25.123640177542	9.33258473527316e-06	0.00205107685552633
comp12370_c0_seq1	1.15649654008854	1.39250580035817	25.0005059641107	9.71901839275641e-06	0.00209980216021129
comp5230_c0_seq1	-1.78321325323206	-2.53506757055425	24.8043922409955	1.03694870975164e-05	0.00218564569421846
comp1936_c0_seq1	-2.09216589792218	-1.45831759409762	25.5467435395245	1.0459275699955e-05	0.00218564569421846
comp37661_c0_seq1	-2.76180311241046	-3.63601269414939	24.6018076948752	1.10895191087505e-05	0.00227996935611682
comp1383_c0_seq1	3.00496794440602	-1.96768160267021	24.474379563306	1.15691157749459e-05	0.00231654913603283
comp12892_c0_seq1	-3.48624440207869	-3.52380193915922	24.458366118152	1.16309048957481e-05	0.00231654913603283
comp936_c0_seq1	-2.55323112521709	-2.32903572421704	24.931649453283	1.19795385090037e-05	0.0023478404546091
comp607_c0_seq1	1.7113566039541	1.42904026692198	24.4290241417168	1.21563873855967e-05	0.0023478404546091
comp1929_c0_seq1	-0.852117700323142	2.30180851722535	24.0749754812931	1.32183360140051e-05	0.00251483774881377
comp4719_c0_seq1	0.933450622784051	1.82545003265775	23.8744456495057	1.41376019594148e-05	0.00264745802713723
comp112467_c0_seq1	-1.47867594989686	-1.48068342050469	23.8340431836973	1.43307918625927e-05	0.00264745802713723
comp4045_c0_seq1	1.29567974282628	-0.556290012658439	23.7179902231255	1.49012602766803e-05	0.00271351949638349
comp9117_c0_seq1	-1.44877762334722	3.04761237724459	23.4801247223791	1.61495811961589e-05	0.00286119093630502
comp9375_c0_seq1	1.39179552646084	0.20647403736153	23.4773912138849	1.61611161382256e-05	0.00286119093630502
comp9644_c0_seq1	-1.15726582195048	-0.843054406195993	23.4267149987424	1.64404305966708e-05	0.00287076943583237
comp18204_c0_seq1	3.86899992419217	-2.98891520611431	23.3167301447476	1.70641935272201e-05	0.00293942263366857
comp6163_c0_seq1	1.64833997906381	1.66067927354049	23.0024691883047	1.91410494388575e-05	0.00325321276262822
comp21902_c0_seq1	2.1025871513339	-2.03646230069792	22.7206530447533	2.09047775572222e-05	0.00350383950215789
comp64_c0_seq1	-3.33069443327421	-2.22416347159	24.4719813364264	2.13783263544726e-05	0.00350383950215789
comp4269_c0_seq1	1.59171210779323	-0.288288208329139	22.6467877796867	2.14402982010132e-05	0.00350383950215789
comp111876_c0_seq1	-2.20658132873773	-0.826784925321766	23.9881465304289	2.35512561534155e-05	0.00380009952136187
comp37431_c0_seq1	-1.81909133384638	-0.989797384554121	22.8165833791793	2.49513932665453e-05	0.00397569262460816
comp8409_c0_seq1	1.09883662766196	-0.476882590753311	22.1329595381933	2.55872095253043e-05	0.0040266686397414
comp9518_c0_seq1	-1.38984894848378	-1.75673933723196	21.985079555919	2.69306298315636e-05	0.00418639924954806
comp9763_c0_seq1	1.04219357235136	0.164057541914486	21.9417707980444	2.73379212395966e-05	0.00419851183182093
comp961_c0_seq1	1.37243860762083	-0.724114209324884	21.7887825690265	2.88291592766885e-05	0.00437482492023748
comp17529_c0_seq1	2.05448525810984	-1.99383035759272	21.6769387147207	2.99731806343811e-05	0.00444285405083326
comp17946_c0_seq1	-1.6155039348681	-1.75249678532337	21.676808595011	2.99745389794979e-05	0.00444285405083326
comp2878_c0_seq1	1.42763953138925	-1.04203276396933	21.6189032874396	3.05854781163636e-05	0.00448129987987686
comp665_c0_seq1	0.888544038167861	2.01655790148996	21.5029730499069	3.18481961491219e-05	0.00461328359446428
comp35954_c0_seq1	2.58705678172901	-2.81804153534087	21.3542388845591	3.35487868039524e-05	0.00480501556617957
comp3410_c0_seq1	1.23875536877134	0.842609213483866	21.2729109620508	3.45186993538595e-05	0.00488899845181831
comp1311_c0_seq1	-1.12475461384683	-0.468501769773487	21.0895976501644	3.68143307768782e-05	0.00509655470417216
comp18105_c0_seq1	-1.93581651731065	-2.82338839755038	21.0768075607051	3.69803645939409e-05	0.00509655470417216
comp7865_c0_seq1	1.64544439384848	-0.0105990626580498	21.1422429487146	3.71836186936542e-05	0.00509655470417216
comp3446_c0_seq1	-1.11151823753379	0.47278105492418	20.8601065474392	3.9916075707711e-05	0.00541287464942758
comp83494_c0_seq1	-3.7573855935362	0.177782127196346	23.0035710193916	4.04253912214218e-05	0.00542423644104699
comp15458_c0_seq1	1.68377397624746	-1.5324860847842	20.6214827068447	4.34335098858835e-05	0.00576715573453497
comp17122_c0_seq1	-2.31375576173696	-2.21139802616808	20.742255980989	4.61709824079576e-05	0.00606743827581687
comp9488_c0_seq1	-1.25387797902305	0.666147923492435	20.1130023656816	5.24522395328891e-05	0.00678506967660773
comp6880_c0_seq1	1.04615074362665	2.89040364078813	20.0789612022702	5.26964695994481e-05	0.00678506967660773
comp5613_c0_seq1	-1.2423179929549	-1.43657292835822	19.9823365623404	5.45529767052699e-05	0.00688597262313293
comp32989_c0_seq1	-1.06989524879659	0.750473465716638	19.9691913784232	5.48107967892445e-05	0.00688597262313293
comp93278_c0_seq1	-1.61677265154193	-1.85885155126182	19.954485354554	5.51007458664438e-05	0.00688597262313293
comp24217_c0_seq1	-2.47022450632583	-3.52944038074596	19.9111195559666	5.59651688578605e-05	0.00690318631318939
comp8230_c0_seq1	-1.35937562360524	-0.718855176288053	19.8934428347632	5.63215954006195e-05	0.00690318631318939
comp2520_c0_seq1	-1.32544761711702	0.0754054416501249	19.940247147542	5.7194889632874e-05	0.0069280381172417
comp6440_c0_seq1	1.57572591544836	-1.22000586061978	19.8304444598717	5.7611362707117e-05	0.0069280381172417
comp6589_c0_seq1	-1.61835779055248	-2.05408174410909	19.7790603227936	5.86862892143447e-05	0.00699134699640423
comp7278_c0_seq1	-1.00590569160606	0.0156085789106129	19.6792790945831	6.08342090838748e-05	0.0071607193747139
comp4176_c0_seq1	0.852753902086884	2.08226910440511	19.6612269225963	6.12315377613411e-05	0.0071607193747139
comp14991_c0_seq1	1.51604440763475	1.96896868878506	19.574686951756	6.42017310758916e-05	0.00743981332749446
comp1698_c0_seq1	-1.08315949077473	1.00895369236929	19.4783201105188	6.54143524287915e-05	0.00748258588604596
comp6855_c0_seq1	-2.32981810891767	-2.5155867466899	19.6781910733228	6.59424512947972e-05	0.00748258588604596
comp3501_c0_seq1	1.5222268742678	-0.100689235870826	19.439841923416	6.6331858878418e-05	0.00748258588604596
comp517_c0_seq1	-2.92616196452682	-0.82481656099108	21.1323317910491	6.95602924445406e-05	0.0077628377260555
comp10334_c0_seq1	1.65223786215614	-1.183612767256	19.2764264560007	7.03815863820357e-05	0.0077628377260555
comp25232_c0_seq1	-2.18806931392377	-3.13073061330827	19.2637987183747	7.07051390085289e-05	0.0077628377260555
comp4925_c0_seq1	-1.35150825564761	-0.271592921944859	19.311216511411	7.12522173019921e-05	0.0077628377260555
comp8952_c0_seq1	-1.25015526937496	-1.51394177621549	19.2080935546236	7.21511804652902e-05	0.00779416184229706
comp4237_c0_seq1	-1.68201351116227	-2.12603099369823	19.0895490974603	7.53327420821191e-05	0.00806946607832582
comp10499_c0_seq1	-1.79938378170913	-2.59186938322417	19.0299173316122	7.69885142804865e-05	0.00817810492944468
comp21211_c0_seq1	1.99329421456214	-1.62006159741079	18.9769400072311	7.84915614528209e-05	0.00821796361413104
comp20081_c0_seq1	-1.26805295456986	-2.08356833354772	18.9656133799844	7.88168928695117e-05	0.00821796361413104
comp11070_c0_seq1	-2.6498892209063	-3.49599670467585	18.9489585794769	7.92978367096665e-05	0.00821796361413104
comp12121_c0_seq1	-1.09720132169463	-1.87543289975114	18.8288610188723	8.28584131929383e-05	0.00851771123363214
comp13356_c0_seq1	3.19889298560301	-2.68429534928111	18.7187184674019	8.62714967591607e-05	0.00879762215351217
comp1830_c0_seq1	1.81771377646349	-1.51420070227958	18.5812730342598	9.07388124696857e-05	0.0091515234565595
comp21099_c0_seq1	1.28298480371276	-0.91200469832598	18.5636464152545	9.13290484224404e-05	0.0091515234565595
comp19600_c0_seq1	-2.30733184297515	-3.11886475010457	18.5368619059692	9.22336679024503e-05	0.0091515234565595
comp48871_c0_seq1	-1.97727681050936	-2.86844845962983	18.5256925545532	9.26136758371519e-05	0.0091515234565595
comp46775_c0_seq1	-3.08526371017119	-1.61540274260493	20.0732312758007	9.40015354342738e-05	0.00916142245641718
comp109468_c0_seq1	-2.23494932248494	-2.99854052269882	18.4809846725092	9.41512780882286e-05	0.00916142245641718
comp14154_c0_seq1	1.41531229635015	-1.13550234903315	18.425292314467	9.61042302649152e-05	0.00925581722472031
comp467_c0_seq1	-0.853146404426917	0.327848213323697	18.4072081932017	9.67474914043732e-05	0.00925581722472031
comp13383_c0_seq1	1.67923380519242	-1.88979455937999	18.3886412390808	9.74126315647007e-05	0.00925581722472031
comp5086_c0_seq1	-1.60381724364519	-1.91881750159386	18.3716415788002	9.80258355171603e-05	0.00925581722472031
comp15987_c0_seq1	0.966895522606132	0.0678711778261661	18.3501475009429	9.88069663209279e-05	0.00926097352715344
comp7185_c0_seq1	-1.26638005535406	-1.57181640363565	18.2123451595411	0.000103972722005837	0.00951161666945217
comp1496_c0_seq1	-3.23028968094705	-2.42448905895372	19.4823033029985	0.000105059923652702	0.00951161666945217
comp6626_c0_seq1	2.12761606921189	-0.99080177438456	18.6451645266622	0.00010512542455772	0.00951161666945217
comp131716_c0_seq1	-1.23513092123778	0.571505437099262	18.2443425609445	0.000105128263457538	0.00951161666945217
comp92623_c0_seq1	-1.46222112941595	1.49273281898391	18.6386635843501	0.000105784179800441	0.00951161666945217
comp27337_c0_seq1	1.64397084049429	-2.01090225002913	18.1427569348992	0.000106688371037611	0.00951161666945217
comp73989_c0_seq1	-3.32546529102899	0.1893752229957	19.8199856477371	0.000106704415449256	0.00951161666945217
comp9167_c0_seq1	2.19286488259486	-1.92764166996671	18.0425821184598	0.000110729127820774	0.00977035046088176
comp4467_c0_seq1	-3.03137782177832	-3.75036014626268	18.0098505105938	0.000112083996801386	0.00977035046088176
comp4798_c0_seq1	0.95388706312543	-0.560029620061393	17.9962755974813	0.000112651003269807	0.00977035046088176
comp4220_c0_seq1	1.14553439779498	0.954342122311196	17.9860084272686	0.000113081849505781	0.00977035046088176
comp6918_c0_seq1	-0.880314117473566	-0.764193224284609	17.9464130570701	0.000114759679384898	0.00977035046088176
comp6649_c0_seq1	-1.30388333527658	-1.97724708807153	17.9365320251142	0.00011518244391887	0.00977035046088176
comp2874_c0_seq1	0.961320757290169	1.87910344598569	17.9265618945209	0.000115610678350656	0.00977035046088176
comp6826_c0_seq1	-1.25530868007897	-1.62832166278145	17.9235857142786	0.000115738834203589	0.00977035046088176
comp17259_c0_seq1	-2.72256861441205	-0.718678797789967	19.3002848762901	0.000121552132417401	0.0101315930319947
comp21593_c0_seq1	1.30815232270364	0.43731010481096	17.7908761157111	0.000121607729967458	0.0101315930319947
comp54054_c0_seq1	-1.09517385267409	0.868285834191234	17.7677782043172	0.000122660729385333	0.010152963100486
comp8352_c0_seq1	-1.14629272461332	-0.0361119918028769	17.7081306364957	0.00012542450183797	0.0103147491930877
comp66588_c0_seq1	-1.15228564587806	-1.344302416791	17.6814119275643	0.000126683648274445	0.0103450988460311
comp57012_c0_seq1	-1.82987277456957	-1.47863812936625	18.0920671150697	0.000127677341004956	0.0103450988460311
comp23161_c0_seq1	2.14974245886247	0.12765421709558	18.5143429794245	0.00012834303030646	0.0103450988460311
comp18462_c0_seq1	-0.964490555815085	-0.0046037100969577	17.6321553842403	0.000129039830275276	0.0103450988460311
comp3889_c0_seq1	-2.14042545874566	-0.0711061403405881	18.9413912817832	0.000130437095977448	0.0103917603901533
comp131447_c0_seq1	-1.53567608458274	-1.90497217383491	17.5764061988729	0.000131762205769015	0.0104306989858314
comp3664_c0_seq1	1.41716037070413	-0.821267840233699	17.5571096405182	0.00013271850161269	0.0104306989858314
comp16270_c0_seq1	1.39385142314567	-0.592432758946679	17.5438326394538	0.000133380711907941	0.0104306989858314
comp8720_c0_seq1	-1.08326824444429	0.907504840362002	17.5271124897113	0.000134219594285241	0.0104322998070364
comp1232_c0_seq1	-1.58670985620242	-1.117968980026	17.7963834285077	0.00014132090558789	0.0107632702613142
comp1116_c0_seq1	-1.91989941698226	-2.29061876328239	17.4146134053987	0.000142080756462979	0.0107632702613142
comp12684_c0_seq1	-1.84452976254001	-2.613771317632	17.3711537683931	0.000142316508112345	0.0107632702613142
comp20234_c0_seq1	1.56363949466498	-1.41374652926647	17.318903563863	0.000145142594996064	0.0107632702613142
comp16321_c0_seq1	-1.58722911255908	-1.89941700036336	17.3166690429	0.000145264761236979	0.0107632702613142
comp1948_c0_seq1	-1.19835718367965	-0.126794978304232	17.2888967501372	0.000146792178988328	0.0107632702613142
comp33934_c0_seq1	1.78916876592026	-1.79007272226893	17.275530010076	0.000147533325660291	0.0107632702613142
comp24725_c0_seq1	-1.42301073295503	-1.91632845817984	17.2724280779885	0.000147705879921536	0.0107632702613142
comp1500_c0_seq1	-1.03046059044182	-0.254824147919824	17.2626181434936	0.000148252983450244	0.0107632702613142
comp115425_c0_seq1	-1.58359781286822	-2.8543764073271	17.2544311228909	0.0001487112057672	0.0107632702613142
comp1759_c0_seq1	-1.28187783457174	-0.88720262996531	17.2460807339976	0.000149180104296116	0.0107632702613142
comp10357_c0_seq1	1.47617895756468	-1.81673111091582	17.2367216024957	0.000149707492732601	0.0107632702613142
comp40669_c0_seq1	-1.69324359236671	-0.660810106713583	17.8721882682499	0.000150046479997023	0.0107632702613142
comp2632_c0_seq1	1.24800550915282	-0.515903669185792	17.2262646753322	0.000150299059113041	0.0107632702613142
comp127315_c0_seq1	-1.11013305389993	0.734166003449136	17.1779701379883	0.000153063191866994	0.0108552289052125
comp4065_c0_seq1	0.882045770069891	0.265835091644301	17.1741110532067	0.000153286357804836	0.0108552289052125
comp2723_c0_seq1	1.80903215255391	-2.14871542824355	17.1477838072793	0.000154817976493164	0.0108749607613088
comp3731_c0_seq1	1.46125376695535	-0.0759214897870608	17.1604284789914	0.000156637793128855	0.0108749607613088
comp17653_c0_seq1	-1.19175795691038	-1.54476986245456	17.1132902995647	0.000156849043308502	0.0108749607613088
comp4016_c0_seq1	1.05241188483153	0.426821164934851	17.0707154884173	0.000159394618272228	0.0108749607613088
comp10945_c0_seq1	1.50915340089546	-1.97052178045608	17.0623818765186	0.00015989794850687	0.0108749607613088
comp5388_c0_seq1	1.26752123944785	1.91780908742459	17.0603989510593	0.000160017958165716	0.0108749607613088
comp3281_c0_seq1	4.95534670230598	-3.62694639746323	17.3827503616516	0.000160040539747033	0.0108749607613088
comp17674_c0_seq1	1.57578935019748	-1.42486107022067	17.043827815729	0.000161024575091608	0.0108749607613088
comp8250_c0_seq1	1.86060513589042	-0.218770175974323	17.5884536071606	0.000161243240282996	0.0108749607613088
comp60113_c0_seq1	-1.3196230521757	1.36404676752183	17.2523490486975	0.000162937858722183	0.0109314151849035
comp2738_c0_seq1	-2.40564931983496	-2.55939890704423	17.2263897318036	0.000167333749146081	0.0111675565464141
comp8533_c0_seq1	-2.06402582041137	-2.852905485783	16.9035858782582	0.000169814675901963	0.0112741024673037
comp50253_c0_seq1	-1.31115299320677	1.4185185733533	17.1017983013811	0.000175383388220372	0.0115487400629024
comp7758_c0_seq1	-1.17408590011435	-1.66188341189606	16.8129381188628	0.000175763361748103	0.0115487400629024
comp20490_c0_seq1	-1.62194442408691	-2.33320838419525	16.7850841303573	0.000177634915109285	0.0116118577584515
comp10030_c0_seq1	1.90594242210893	-2.14386289049884	16.7589161066519	0.000179412264534532	0.0116379170167379
comp27088_c0_seq1	-2.17156423367835	-3.10661390084412	16.7453853419526	0.000180338601218509	0.0116379170167379
comp10967_c0_seq1	2.57600273911588	-2.83686772128108	16.7175787182468	0.000182258093635451	0.0116379170167379
comp14334_c0_seq1	-2.50496009570113	-2.575702254625	17.2993528753549	0.000182478753059703	0.0116379170167379
comp102276_c0_seq1	-1.4576974552599	-1.87860259975174	16.7126792052928	0.000182598525405787	0.0116379170167379
comp38076_c0_seq1	-2.6629087674892	-3.00200101254111	16.7830145171462	0.000184563236327218	0.0117046147933485
comp1167_c0_seq1	1.25300015659556	0.45427991491791	16.5928343028389	0.000191137110392314	0.01206150864441
comp6184_c0_seq1	-0.847360123780068	2.8964389850221	16.5500119339453	0.000194288931257834	0.0121552521262089
comp4120_c0_seq1	1.03362154252818	0.256418320012077	16.5373230793581	0.00019523331059052	0.0121552521262089
comp3791_c0_seq1	-0.849990394704539	-0.00712706965927134	16.533973855367	0.000195483383217449	0.0121552521262089
comp54413_c0_seq1	-2.07404569723748	-3.35671193096115	16.4288388658486	0.000203506955566673	0.0125927337990698
comp12977_c0_seq1	1.4849110704582	-1.68981247552579	16.4105667092473	0.000204936364309864	0.0126199219123567
comp9596_c0_seq1	-1.14017189999126	-0.804172306409165	16.3654903191991	0.000208507935676739	0.0127347112796562
comp3157_c0_seq1	1.33782840684447	-0.846099875200102	16.361858715815	0.000208798513960002	0.0127347112796562
comp8510_c0_seq1	-1.31719013987352	-1.75568963884794	16.3339663261545	0.000211044523040658	0.012810402548568
comp21068_c0_seq1	1.43628586505984	-0.702841257342458	16.3122315194982	0.000212812291132568	0.0128564847159566
comp7718_c0_seq1	-1.15751551617036	-0.981809985592715	16.2863686334615	0.000214936103394014	0.0129235401413373
comp8724_c0_seq1	-1.36733642878401	-2.29928865387848	16.2056897420696	0.000221705597633051	0.013165419409
comp2929_c0_seq1	1.29527249194666	-1.31659836022091	16.2044095664295	0.00022181480117515	0.013165419409
comp2493_c0_seq1	-1.05268563858125	-1.1631596499214	16.2015684512358	0.000222057360393426	0.013165419409
comp16148_c0_seq1	2.27133443725021	-2.19478105079931	16.1739575843675	0.000224429197070558	0.0132444396993444
comp18711_c0_seq1	1.52251750375224	0.294677688083767	16.3702496548594	0.000228624218057738	0.0134298290671981
comp33836_c0_seq1	-1.31988299484588	-2.10559962649345	16.0323712173433	0.000237017160032072	0.0138589804538019
comp9861_c0_seq1	-2.75597525511529	-3.82779496240481	16.0176632607936	0.000238366689473346	0.0138742474461952
comp12604_c0_seq1	1.05708659760185	0.605124893180152	15.9595189871942	0.000243781298856836	0.0140683256751214
comp6912_c0_seq1	1.31832813093459	-1.36411888030181	15.9581708128569	0.000243908368573141	0.0140683256751214
comp3491_c0_seq1	2.08499917896414	-2.1243441903082	15.9278537113157	0.000246784311646628	0.014170088380899
comp1337_c0_seq1	-1.16743508405995	-1.05965713930163	15.8937347251654	0.00025006358225615	0.0142939931973953
comp6353_c0_seq1	-1.47154302746373	-1.303149350427	15.9206919257907	0.000253440224429446	0.0144223327714382
comp8415_c0_seq1	-1.52989522954135	-2.22249047286418	15.767765367286	0.000262573069150164	0.0148236390333593
comp84940_c0_seq1	-1.52084705910418	0.217545902674282	16.4158613089842	0.000262818107910819	0.0148236390333593
comp10520_c0_seq1	-1.68042619759214	-2.60436653176989	15.7466416070422	0.000264734375032144	0.0148659430772456
comp29202_c0_seq1	-1.19934274998257	0.13022731537163	15.7648811086164	0.000268877204715534	0.0149733568877526
comp3082_c0_seq1	-0.970971005719536	0.652078182825186	15.7055111034168	0.000268996526813788	0.0149733568877526
comp6264_c0_seq1	1.97200375735953	-2.43204312003932	15.6811082728719	0.000271559310101716	0.0150070548545493
comp1026_c0_seq1	1.24529389812797	0.84005870360705	15.6773477832109	0.000271956513014896	0.0150070548545493
comp31066_c0_seq1	-2.28368823461562	-0.884344445046466	16.6837383496602	0.000275546489071768	0.0151396167939561
comp2982_c0_seq1	-2.84385976373137	-3.82466444094098	15.5992600998635	0.000280344045529628	0.0153362819122035
comp2521_c0_seq1	1.48087559305542	-2.06434670822628	15.5883980840757	0.00028153212265283	0.0153362819122035
comp4921_c0_seq1	-0.809778816290689	0.0431575386180893	15.5539481332373	0.00028533536600203	0.0154773187677782
comp11374_c0_seq1	0.896286227247575	0.186473245436833	15.4436500060698	0.00029787972157503	0.0160051431358393
comp3989_c0_seq1	-1.23797886045948	-1.0571006038378	15.4394451153293	0.000298369272803564	0.0160051431358393
comp1973_c0_seq1	-1.04271163011393	-0.636134595322233	15.4312603855642	0.000299324600898754	0.0160051431358393
comp6516_c0_seq1	-0.942564807215796	-1.09465145497939	15.4247347139762	0.000300088586292116	0.0160051431358393
comp7825_c0_seq1	1.62106847949761	-1.29490215710974	15.3827312456878	0.000305055415621354	0.0162022557621891
comp41077_c0_seq1	-0.853813547269506	4.58486634168594	15.3589646910143	0.000307903983099686	0.0162813794576983
comp90057_c0_seq1	-2.33203450295832	-3.09565298940258	15.3350500896542	0.000310798536369097	0.0162813794576983
comp814_c0_seq1	-0.921717393264944	-0.386273902188827	15.3286471665719	0.000311578372822021	0.0162813794576983
comp5099_c0_seq1	0.968974862426439	0.853678648109709	15.3042946425785	0.000314563202493762	0.0162813794576983
comp36348_c0_seq1	-2.58053179054974	-3.43987778656057	15.2991280022182	0.000315200321954324	0.0162813794576983
comp17309_c0_seq1	3.383764886747	-3.25373115025529	15.2973791797731	0.000315416283591386	0.0162813794576983
comp2540_c0_seq1	0.902882711643739	-0.58752134148659	15.2968144620472	0.000315486053663723	0.0162813794576983
comp5784_c0_seq1	2.35375693605944	-2.39262428259969	15.2802774470082	0.000317536389934649	0.0163141812622457
comp8073_c0_seq1	2.26940350312208	-2.01887287242572	15.2710915588756	0.000318681347320873	0.0163141812622457
comp7574_c0_seq1	-0.798093311186511	-0.138300828307648	15.2589069161251	0.000320206780370266	0.0163267033175191
comp9101_c0_seq1	1.66403682171352	-0.444892631716383	15.5451410201219	0.000321872036498096	0.0163462264910009
comp14828_c0_seq1	-1.98684866564373	-3.01639991306765	15.2250567752851	0.00032448501033177	0.0164135334392821
comp57646_c0_seq1	-1.39275635030853	-2.34177836727021	15.2124037777032	0.000326099584046364	0.0164300055250553
comp3123_c0_seq1	-0.896547754803831	-0.545706811061841	15.1975022121449	0.00032801192267576	0.0164612912533382
comp2825_c0_seq1	0.937617670732182	2.77985192007406	15.1774647273375	0.000330601968399504	0.0164912740052683
comp3926_c0_seq1	-1.21700368773766	-1.07732435866189	15.1637872463514	0.000332382262652429	0.0164912740052683
comp3957_c0_seq1	-1.0413386874567	-1.15941425233392	15.1526219843503	0.000333843032912079	0.0164912740052683
comp16397_c0_seq1	-0.880713684261452	4.56188791698073	15.1463013927535	0.000334672957582868	0.0164912740052683
comp10867_c0_seq1	3.765913863836	-3.42906834521491	15.1432222096628	0.000335078055021926	0.0164912740052683
comp10017_c0_seq1	-2.03969818213579	-2.43700636987666	15.2659157760354	0.000336767876030975	0.0165106927529494
comp23300_c0_seq1	1.5278654907821	-1.89487926394486	15.0599220167719	0.000346234977547718	0.0169097979264397
comp1111_c0_seq1	0.996791386381158	0.110647905872759	14.98578259744	0.000356493623143418	0.0173443672298059
comp3839_c0_seq1	1.46228214538545	-1.4787572623149	14.9346969243557	0.000363747991815768	0.0176300214892608
comp25112_c0_seq1	1.75497841652705	-0.789396507647707	15.117893971309	0.000365222153214921	0.0176344196478432
comp17578_c0_seq1	-2.49214977964103	0.82735904979916	16.0587537083394	0.000366640167135858	0.017636083813135
comp2917_c0_seq1	-0.941390002216678	-1.06781455250419	14.8956772783523	0.000369393435396958	0.0177017222594174
comp6983_c0_seq1	-0.996425739803107	-1.15491172142563	14.8751888137452	0.000372394573576597	0.0177787027317636
comp6972_c0_seq1	1.48581363772717	-1.61975428084788	14.8493337480922	0.00037621845005119	0.017826352840093
comp5147_c0_seq1	-0.877303024020802	-1.05938242967976	14.8453107105633	0.000376817146448977	0.017826352840093
comp3303_c0_seq1	0.997165424583967	-1.0599195006203	14.8401401818898	0.000377588080868057	0.017826352840093
comp1736_c0_seq1	0.73937416626859	0.817160282394539	14.8192361686991	0.000380721854708699	0.0178706643824416
comp40693_c0_seq1	-1.76394034782215	-2.81779504178161	14.8151967263674	0.000381330564997578	0.0178706643824416
comp320_c0_seq1	1.97697761221972	-1.89261320903312	14.8053915134655	0.000382812390559901	0.0178743939284508
comp107011_c0_seq1	-1.57601902204304	-1.22422447210324	15.0181619777603	0.000398169580755811	0.0185236045470596
comp16113_c0_seq1	-1.05495478097349	-1.17066332050062	14.6246351613768	0.000411242135929806	0.0190621945698081
comp103275_c0_seq1	-1.99165097261341	-3.33768483180108	14.6093270391521	0.000413749745173743	0.0191089420352525
comp17446_c0_seq1	1.39011562420279	-0.638346007554432	14.579540365896	0.000418675280892485	0.0192046627893525
comp877_c0_seq1	5.14559538606857	-3.46416562297266	14.8162439641644	0.000419405765887342	0.0192046627893525
comp7363_c0_seq1	-1.0899555309155	-1.09152786560649	14.5695437733947	0.000420342113299549	0.0192046627893525
comp13844_c0_seq1	-1.17635188788675	-1.32444633136863	14.5459623950573	0.000424301789610305	0.0193163389720091
comp27435_c0_seq1	1.73832519320658	-2.10497160709972	14.5237194574702	0.000428072691771723	0.0194186569466696
comp9858_c0_seq1	-0.987565015191872	0.542848127174463	14.506206394797	0.000431066526416556	0.0194851241568505
comp22230_c0_seq1	-1.59694540956719	-1.65518371789903	14.7185549064717	0.000439800005205141	0.0197802887004128
comp24171_c0_seq1	-1.5462776176035	-2.80781546889871	14.4427383738727	0.000442102173178886	0.0197802887004128
comp28849_c0_seq1	-2.16211863067882	-2.93891278523519	14.4721605299838	0.000442251688994874	0.0197802887004128
comp10140_c0_seq1	2.11977527991308	-1.97863312841989	14.4257228117555	0.000445111036370815	0.0198385677644013
comp1835_c0_seq1	1.31476727121736	-1.35046935902202	14.3741133799932	0.000454369620299083	0.0200526487019281
comp11265_c0_seq1	1.43779490718751	-1.12714732245697	14.3716621972238	0.000454814364386063	0.0200526487019281
comp110825_c0_seq1	-1.67481993839129	1.15397132322734	15.1542507244286	0.000455991349705992	0.0200526487019281
comp11729_c0_seq1	-1.11331766903071	-1.80327497775001	14.3433961655929	0.000459976189634877	0.0200526487019281
comp5546_c0_seq1	-0.863121035731067	-1.16230693930421	14.3398473717935	0.000460628597167258	0.0200526487019281
comp42678_c0_seq1	-2.13006852284813	-2.94787275242462	14.3289214552682	0.000462643329040599	0.0200526487019281
comp4294_c0_seq1	0.767348315901744	0.198479930573392	14.3227782333827	0.000463780205129648	0.0200526487019281
comp8790_c0_seq1	1.93778291306014	-2.34072132309618	14.3181228539686	0.00046464369579669	0.0200526487019281
comp62923_c0_seq1	-1.21517128306322	0.21089691580375	14.4955674859355	0.000465481066019774	0.0200526487019281
comp91184_c0_seq1	-1.13300812428446	-1.24691374657584	14.3127328218813	0.000465645564899249	0.0200526487019281
comp3220_c0_seq1	-1.02650330398476	-1.63286397812958	14.2781831408027	0.00047212168150326	0.02026308105765
comp104854_c0_seq1	-1.65987078726967	-2.46689491569836	14.2504984151509	0.000477379376993215	0.0204199829480957
comp7424_c0_seq1	-1.49357434015353	-2.27207945496216	14.2054558592504	0.000486065621425152	0.020722001592998
comp2182_c0_seq1	1.13007754155705	-0.472686799515259	14.081369326246	0.000510866265316267	0.0216888599733775
comp52018_c0_seq1	-2.05781901972732	-3.10553407614963	14.0707584912223	0.000513047930700871	0.0216888599733775
comp9033_c0_seq1	-1.32218272886054	-2.3116910969944	14.0620019377342	0.000514855725722031	0.0216888599733775
comp1357_c0_seq1	-1.31682581067374	-2.352227101515	14.0495726870169	0.00051743326944714	0.0216888599733775
comp22162_c0_seq1	-1.33117834954343	-1.59821968242012	14.0462258367248	0.000518129648056367	0.0216888599733775
comp12970_c0_seq1	1.37066368912603	-1.74407651561291	14.0344568734075	0.000520586256366571	0.0216888599733775
comp6114_c0_seq1	0.900657897864729	1.82937998910787	14.0341276821287	0.000520655146454344	0.0216888599733775
comp10931_c0_seq1	2.5006535002029	-0.425255591716995	14.8825055796805	0.000523316064954283	0.021728696677434
comp15_c0_seq1	0.971786317864996	0.459214145723459	13.9948305246721	0.000528948217976018	0.0218784390056952
comp30903_c0_seq1	1.07445043547456	-0.713099790565388	13.9882278714975	0.000530355193595342	0.0218784390056952
comp3000_c0_seq1	-1.02673966011796	-0.218511918521907	13.9748869586582	0.000533210073770258	0.0219252542269338
comp9775_c0_seq1	-0.917755651285191	-0.931133404210142	13.9602434825615	0.000536362322358592	0.0219839566659324
comp55499_c0_seq1	-0.906387147124806	1.61923216508571	13.9305242293268	0.00054282032552198	0.022177341953297
comp100748_c0_seq1	-1.08657508558451	0.157371645922059	13.922210887215	0.000544641427118156	0.0221806526245212
comp7137_c0_seq1	1.29270984954346	-1.49206570440152	13.8610799207687	0.000558231711658785	0.0226617185621482
comp4817_c0_seq1	1.06174080379012	-1.18402270235649	13.8411458399452	0.000562740135770666	0.0227722174941863
comp946_c0_seq1	-1.42483475880432	-1.14559845269575	14.0448398584175	0.000564753519889899	0.0227813706266979
comp50634_c0_seq1	-1.17443855132475	-2.34287049929921	13.8215179740576	0.000567216762587196	0.0228085554343816
comp83699_c0_seq1	-2.77729921846596	-0.901659520212058	14.7927346152311	0.000571323096126555	0.0229014324098277
comp61691_c0_seq1	-1.33707973533139	-1.35377665154261	13.790135709187	0.00057991950134771	0.0231731469707814
comp17475_c0_seq1	-2.03233436692313	-3.13288231410842	13.7385924273387	0.000586547825101716	0.0232976688901212
comp14508_c0_seq1	-2.32049231473822	-3.40255996433703	13.7345019449619	0.000587519138918387	0.0232976688901212
comp5464_c0_seq1	-1.04301893335587	0.771806117114829	13.7241434412375	0.000589986418594177	0.0232976688901212
comp123466_c0_seq1	-1.4674247340627	1.39256728386221	14.2787459848543	0.000590346516945882	0.0232976688901212
comp63750_c0_seq1	-1.37783305558917	-2.57099524827636	13.6639930414954	0.00060453077688948	0.0237838080648463
comp1447_c0_seq1	2.06106013921665	-2.46391241817542	13.6394600441001	0.000610570774428424	0.0239475251127358
comp5690_c1_seq1	-2.16049947438056	0.227692125937456	14.5435331555189	0.000614895395898499	0.0240431644525097
comp31055_c0_seq1	-1.83060785209136	-0.926846002128239	14.312276499099	0.000618904769877883	0.024125929974414
comp72294_c0_seq1	-1.61898160997081	-2.95781165328751	13.5872378587353	0.000623640348041001	0.0241764664381497
comp40_c0_seq1	-1.59793350508972	1.07381834663104	14.2750529885	0.0006246703990374	0.0241764664381497
comp10915_c0_seq1	3.44465617942655	-3.62931656528678	13.5736173696305	0.000627097326659041	0.0241764664381497
comp50620_c0_seq1	-0.935824925883703	-0.701007206328655	13.5679464602588	0.000628542587212673	0.0241764664381497
comp8351_c0_seq1	-1.06571334268759	-1.90751666094601	13.5634759745413	0.000629684385146755	0.0241764664381497
comp13007_c0_seq1	-0.933404537446308	-1.40283596632796	13.5435954142315	0.000634788550380846	0.0241866428391745
comp15901_c0_seq1	-2.67214343853242	-2.28807589386843	14.2622915541078	0.000635071008019847	0.0241866428391745
comp128924_c0_seq1	-1.66260603029226	-2.56628872605744	13.5367355648698	0.000636559850765854	0.0241866428391745
comp10048_c0_seq1	-0.953846028567076	-0.451085103436169	13.5329514435594	0.000637539185217121	0.0241866428391745
comp9049_c0_seq1	0.844784210796951	0.399079760342428	13.4878537517391	0.00064933337958269	0.0245609869125832
comp105486_c0_seq1	-2.03651252478129	-3.34751549907264	13.4636521467167	0.000655757223681458	0.0247305838173596
comp5479_c0_seq1	-1.1910391352476	-2.10386019025144	13.4521740090514	0.000658827230369972	0.0247346365823992
comp10193_c0_seq1	-1.93626383804586	-0.625750424101965	14.2112628561852	0.000659745543109417	0.0247346365823992
comp22241_c0_seq1	1.55638289940786	-2.00901676759894	13.4335280115065	0.00066384669290106	0.0248020762230439
comp695_c0_seq1	1.02578493518457	-0.834481194074627	13.4276558357373	0.000665435794169688	0.0248020762230439
comp9091_c0_seq1	0.828650906387805	2.54523799153105	13.4195753455235	0.000667629049879164	0.0248112755067338
comp50127_c0_seq1	0.933368008278448	0.12651463721872	13.3965207382456	0.000673928609325625	0.0249146631460321
comp19626_c0_seq1	-1.11902767435924	-1.46452459771145	13.3950953553839	0.000674320136924851	0.0249146631460321
comp274_c0_seq1	-0.912914374641901	1.93555740181092	13.335481008587	0.000690911518155731	0.0254538991963327
comp4478_c0_seq1	0.760461184162746	0.63534638124828	13.308271360034	0.000698626641585452	0.0256639590786448
comp1935_c0_seq1	0.778935399362171	1.40871837599034	13.2965865205405	0.000701967598124666	0.0256651314800133
comp1280_c0_seq1	-1.30255907315857	-1.7426554824615	13.2940836594007	0.000702685407274233	0.0256651314800133
comp5371_c0_seq1	1.0458575190664	-1.19782452056522	13.2807226578449	0.000706530379593625	0.0257318364247998
comp9031_c0_seq1	1.03919507137574	-0.878207466100196	13.2519775245711	0.000714877832087036	0.0259616744319471
comp18918_c0_seq1	1.02638480638855	0.305892450343947	13.2143542130887	0.0007259606965062	0.0262892641998992
comp10053_c0_seq1	1.38275260366949	-1.51911281407789	13.1975061488176	0.000730982223440543	0.0263961201195371
comp11202_c0_seq1	0.99552146108714	-0.815098114814417	13.1751389857241	0.000737705287575985	0.0265311171706997
comp11226_c0_seq1	-1.6077623463801	-3.30053240296366	13.1712416275561	0.000738883391825402	0.0265311171706997
comp91132_c0_seq1	-1.01307136115504	-0.112860996704257	13.1494010975501	0.000745522173588556	0.02669430097397
comp3669_c0_seq1	-1.608949853175	-1.74221654775516	13.3580518477935	0.000747834227225666	0.0267020809368223
comp5042_c0_seq1	-0.880791482319875	-0.64043212659732	13.1169452463767	0.000755503932334271	0.0268800737209335
comp20105_c0_seq1	-1.02815134433347	-1.13593705913506	13.1120015416586	0.000757036672614351	0.0268800737209335
comp10875_c0_seq1	1.05350360954764	-1.39298931355494	13.0924618967625	0.00076312684700731	0.0269444707434675
comp5290_c0_seq1	-1.3744231333993	-2.54163249839339	13.0877108783792	0.000764615442863224	0.0269444707434675
comp3636_c0_seq1	4.68140918113225	-3.50875180473156	13.2832935835122	0.000765191685034536	0.0269444707434675
comp15676_c0_seq1	2.7508763179396	-0.0979282663012577	13.9157042662192	0.000769838888909199	0.0269962389612798
comp19144_c0_seq1	1.05938149216626	-0.589750327267467	13.0672466835134	0.000771062356600983	0.0269962389612798
comp2274_c0_seq1	-1.14172155793329	-0.996058245926186	13.0568254560238	0.000774367372611876	0.0269962389612798
comp19290_c0_seq1	3.39036696223783	-2.18893110489359	13.576744902808	0.000775133243887064	0.0269962389612798
comp2807_c0_seq1	0.6192727258566	0.32475857377612	13.034986160333	0.000781342037939305	0.0271383295847747
comp9441_c0_seq1	-0.819868966326197	0.116208016764223	13.011936265334	0.000788775140335688	0.0272627258655657
comp1724_c0_seq1	1.02383037033868	0.119156616552691	13.0106224517367	0.000789201054710423	0.0272627258655657
comp32099_c0_seq1	2.24626808455305	-3.36152142505938	12.9890433838326	0.000796231365623642	0.0274242520149515
comp8107_c0_seq1	-1.37958484568549	-2.63184228664915	12.9830984013484	0.000798179767596062	0.0274242520149515
comp15097_c0_seq1	-1.83550951738508	-2.69196763038704	12.9549732079818	0.000807465804992944	0.0275658406103533
comp27030_c0_seq1	-2.13234831455449	-3.53057656237732	12.9543917795916	0.000807658970281017	0.0275658406103533
comp28991_c0_seq1	2.89345565486002	-2.67633461171339	12.9840629743754	0.000808788294365117	0.0275658406103533
comp21922_c0_seq1	-1.01876356121338	-1.94139956696476	12.9417411882144	0.000811873891307411	0.0275972173133215
comp1942_c0_seq1	0.851184211421329	1.10739016999066	12.917140924317	0.000820136676361513	0.0278039420573942
comp115933_c0_seq1	-1.75928789544741	-3.38077573890614	12.9076938644108	0.000823333272341975	0.0278382737998492
comp1052_c0_seq1	-1.12962423296884	-2.03909334919651	12.8801818267425	0.0008327174904273	0.0279765665621012
comp2666_c1_seq1	5.05109404992522	-2.95632500432001	13.2070507995288	0.000835772701097573	0.0279765665621012
comp58_c0_seq1	-2.00995213330876	-3.39750006729705	12.8691619428583	0.000836507861079828	0.0279765665621012
comp2147_c0_seq1	0.995494624432961	0.0153681323606887	12.8653946753086	0.00083780780569187	0.0279765665621012
comp50838_c0_seq1	-1.48290597496825	-3.06296444835329	12.8577975447401	0.00084043577147918	0.0279765665621012
comp2327_c0_seq1	-0.725208533254311	-0.472182252787749	12.8558855946769	0.000841098511518359	0.0279765665621012
comp4582_c0_seq1	1.15024682372518	-0.655977006552244	12.851022586048	0.000842786660378667	0.0279765665621012
comp12083_c0_seq1	-1.02976365429249	-1.01565274270009	12.8231158740223	0.000852543482512931	0.0282269396664736
comp182_c0_seq1	-1.32703660342785	-0.20867679025163	13.1198373995884	0.0008576788868957	0.0283234009618122
comp110596_c0_seq1	-1.86297886259505	-2.43721642539926	12.8827554103963	0.000866473859032102	0.0285399025350961
comp36828_c0_seq1	1.93582867609252	-0.98068828589277	13.0994846468109	0.000872563812339925	0.0286664198863325
comp9924_c0_seq1	2.93263303516518	-3.41513726482039	12.738942539374	0.000882699834585937	0.028866404470536
comp11079_c0_seq1	-1.14002724081901	-1.61074360382759	12.7376264250096	0.000883180179140899	0.028866404470536
comp4229_c0_seq1	1.49634075578448	-1.86189414379956	12.7251565392273	0.00088774502466457	0.0289413959831183
comp1696_c0_seq1	-0.818292078340825	-0.171675409910058	12.7081838692704	0.000893998183829341	0.0290709052277363
comp14413_c0_seq1	-1.37661535651202	-1.8536478912859	12.6977820936657	0.000897853380927638	0.0290985267187118
comp11657_c0_seq1	4.81767706894565	-3.42189689731979	12.8767792723545	0.00090064371296711	0.0290985267187118
comp98_c0_seq1	-0.849230053871178	-0.285728544928158	12.6874611575093	0.000901695932681507	0.0290985267187118
comp1598_c0_seq1	1.3913060683803	-1.37574139472021	12.6621459793211	0.000911194494300198	0.0292510536224561
comp53669_c0_seq1	-1.6058224690263	-2.05495167109807	12.7231281924143	0.000912153765750651	0.0292510536224561
comp832_c0_seq1	-0.922486661704346	2.80840208277925	12.6541465443935	0.000914217853902211	0.0292510536224561
comp3853_c0_seq1	-1.46753291980771	-1.1115769516216	12.9073787782001	0.000915601348973089	0.0292510536224561
comp12216_c0_seq1	2.09203015751619	-1.95660588591595	12.7503117307169	0.000924159650184806	0.0294506576522643
comp11263_c0_seq1	1.3778363337854	-2.3365790086739	12.6121701008309	0.000930256901264691	0.0295710342155137
comp4355_c0_seq1	-1.1805066022543	-1.27850781801767	12.6060835502143	0.000932607050711279	0.0295719952124793
comp3711_c0_seq1	0.870335123591639	0.14824027980991	12.5778220132824	0.000943601700901023	0.0297821887211922
comp40697_c0_seq1	1.68995242985164	-2.53309387738157	12.577037856872	0.00094390870348801	0.0297821887211922
comp93254_c0_seq1	-0.959199921397403	0.0328719827144471	12.5634144904961	0.000949259176178028	0.029809990622187
comp101087_c0_seq1	-1.00351434316579	-0.98000680892537	12.5628868950453	0.000949467026955984	0.029809990622187
comp47752_c0_seq1	-1.33760106069999	-2.0685865986735	12.5176313556295	0.000967475556863894	0.03029510704347
comp9845_c0_seq1	1.48310897710738	-1.83466112729742	12.5121735380296	0.000969671583410667	0.03029510704347
comp66455_c0_seq1	-1.12832714627601	-0.624457823219852	12.5224012538635	0.000972842834511317	0.0303198719107965
comp13559_c0_seq1	1.16464836085527	-1.4963337199069	12.4874067476476	0.000979703042627858	0.0304592065472617
comp14782_c0_seq1	1.81177412868744	-2.50168182090697	12.4602277052835	0.000990837530753975	0.03070832857385
comp7707_c0_seq1	-1.08575881314773	-0.327420355912392	12.4624306218474	0.000993529431532657	0.03070832857385
comp14949_c0_seq1	-0.794566778801048	0.319067800268519	12.4497320687436	0.000995172921178536	0.03070832857385
comp3740_c0_seq1	1.10115107004001	-1.44116561783364	12.4404842215854	0.000999009460660661	0.03070832857385
comp4857_c0_seq1	-1.48437056250816	-2.71212677244719	12.438676501021	0.000999761226810054	0.03070832857385
comp101126_c0_seq1	-1.68893625726865	0.211487596183103	13.0966529843774	0.00100262925852181	0.0307223922076381
comp1212_c0_seq1	0.798450092292076	0.386318668875155	12.4240606093699	0.00100586139356985	0.0307475184264624
comp104404_c0_seq1	-1.8753328065438	1.0861821410783	13.1665860005864	0.00100848101127954	0.0307538455760295
comp15085_c0_seq1	-2.63085056426048	-0.304055826648424	13.2211666728047	0.00101339183482593	0.0307903801466366
comp474_c0_seq1	0.950621603460366	1.46645058668658	12.403497899945	0.00101451005425491	0.0307903801466366
comp3688_c0_seq1	1.05377546211291	-1.49250220630094	12.3727071310872	0.00102760747471082	0.031110299497834
comp11259_c0_seq1	0.684026823602681	1.32531943450645	12.3672850544068	0.001029932249791	0.031110299497834
comp8836_c0_seq1	1.25053957157029	-2.1455199091621	12.3490316669589	0.00103779941876947	0.0312738278748331
comp1197_c0_seq1	1.906982739137	-1.57721759889747	12.4893858187375	0.00104599707954675	0.0314465206909963
comp15048_c0_seq1	1.61675498613274	-2.18183742779313	12.3183060380258	0.00105118547252763	0.0315039640159563
comp11583_c0_seq1	-1.22251797408249	0.0633085434490378	12.5685198310662	0.00105285694210416	0.0315039640159563
comp26171_c0_seq1	-1.63667622541282	-3.14395582267881	12.3088940774601	0.00105532224325829	0.0315039640159563
comp30571_c0_seq1	-1.69381304950527	-3.12394415739485	12.3011064982438	0.00105875803365697	0.0315326837734238
comp8183_c0_seq1	1.49593995715857	-2.0618559045622	12.2785478575114	0.00106877735521727	0.0316492785949314
comp5209_c0_seq1	0.692901703778792	1.36310217381743	12.2784438687059	0.00106882377212091	0.0316492785949314
comp12481_c0_seq1	-0.883162331011087	-1.00728478858218	12.272236163583	0.00107159852407625	0.0316492785949314
comp6745_c0_seq1	0.740682482544515	-0.125151970931915	12.2683221127224	0.00107335194890758	0.0316492785949314
comp14946_c0_seq1	1.67583840751884	0.0704919559707106	12.6917424612603	0.00107508728576177	0.0316492785949314
comp1297_c0_seq1	2.13407994920477	-0.985889837442765	12.783407428863	0.00107773609941154	0.0316541522101358
comp12453_c0_seq1	-2.22718328454494	-3.42118863032945	12.2514728374052	0.00108093472690552	0.031675114859459
comp9013_c0_seq1	-1.58811813632132	-2.5600024696762	12.218658192342	0.0010958650332183	0.0320389715101689
comp855_c0_seq1	-0.809403342944113	0.5520146498859	12.1966300157814	0.00110600944814356	0.0322615616372678
comp4268_c0_seq1	0.898969059560413	0.0849040108130547	12.1580954597962	0.00112399416759246	0.0327113097130162
comp10452_c0_seq1	1.05361721551272	-1.15727029955861	12.1317484839894	0.00113646802050697	0.0329989928414631
comp776_c0_seq1	-1.35763681525115	-1.20603230800334	12.3100123863612	0.00114168117738652	0.0330750226548771
comp6765_c0_seq1	1.44979396190988	-1.78400929900474	12.094848668433	0.00115418394973557	0.0333614122614043
comp5261_c0_seq1	0.936394410045633	0.742916585913145	12.0866817991201	0.00115814414563912	0.0334001434942575
comp44720_c0_seq1	-2.07372496170152	-3.54619633573801	12.0535090209648	0.00117437783360423	0.0337918605980883
comp13546_c0_seq1	-1.32664134090771	-0.65798817577012	12.2843959294781	0.00117889643479775	0.0338454794017273
comp17466_c0_seq1	1.67628984294435	-1.73642786977743	12.0315443462918	0.0011938501904166	0.0341977716342482
comp4027_c0_seq1	-1.40891150179966	-2.07487414641725	11.998224373286	0.00120196770295146	0.0343530993487047
comp6257_c0_seq1	0.959928822508112	0.75390680879132	11.9871750424021	0.00120756337133964	0.0344358172135714
comp1539_c0_seq1	-1.00419080848532	-1.80228132297056	11.978696430588	0.00121187578360402	0.0344816531553582
comp5257_c0_seq1	0.758927483723785	1.87110697260336	11.9634706758049	0.00121966075960496	0.0346258701618806
comp2530_c0_seq1	-0.749636671803259	0.174170974291528	11.9491539739758	0.0012270290489948	0.0346933664364696
comp80283_c0_seq1	-1.34125449922854	-0.0776016631835161	12.2986276317093	0.00123074861859586	0.0346933664364696
comp24442_c0_seq1	1.39318658845304	-2.4700368446332	11.9376619045802	0.00123297755949416	0.0346933664364696
comp9529_c0_seq1	-1.74619660473953	-2.7773717153943	11.9350831332259	0.00123431655264046	0.0346933664364696
comp6132_c0_seq1	-1.55239125738925	-2.40878762476207	11.9251049178559	0.00123951207287582	0.0346933664364696
comp115730_c0_seq1	1.4152176445771	-1.99416896242789	11.9227410823856	0.00124074626514657	0.0346933664364696
comp7641_c0_seq1	2.08073054347293	-2.50583342873145	11.9177198806051	0.00124337220830692	0.0346933664364696
comp547_c0_seq1	-0.955512587851864	-0.212653806006596	11.9149158767806	0.00124484117072888	0.0346933664364696
comp8282_c0_seq1	1.43456423394263	-1.68328127120322	11.9116899292879	0.00124653344535209	0.0346933664364696
comp10423_c0_seq1	1.21869473535807	-1.47993267681537	11.885795044244	0.00126020565374196	0.0349974759656836
comp18383_c0_seq1	1.85040672289118	-2.33541506083163	11.8586273480524	0.00127472002011164	0.0352433977009704
comp10775_c0_seq1	1.18689802119946	-0.592872580094061	11.8558177486149	0.00127623107788411	0.0352433977009704
comp11497_c0_seq1	1.27374186915592	-1.3940266324173	11.8537294389558	0.00127735543562002	0.0352433977009704
comp112854_c0_seq1	-1.21477811070269	-2.37616814308661	11.8459339615901	0.00128156180160093	0.0352830848488272
comp3019_c0_seq1	1.63603500403776	-1.71068633147491	11.8380324798425	0.00128584027697986	0.0353245819195309
comp315_c0_seq1	1.1063798289683	0.638335998054548	11.8110980872399	0.00130053820006586	0.03565152781987
comp26246_c0_seq1	-2.05547086867319	-2.76348725890388	11.8739570906721	0.00131460737235063	0.0359598716209302
comp13934_c0_seq1	1.2111782234011	-1.40098609211882	11.7746250843041	0.00132072430705854	0.0360498345654716
comp51785_c0_seq1	-1.41141806350967	-1.73671872671724	11.8316590685998	0.00132389213195998	0.0360590876198588
comp2843_c0_seq1	2.5174494768155	-0.285693308200176	12.4319883007549	0.0013282594831964	0.0361009032671737
comp11862_c0_seq1	-1.23100586094615	-2.26622784379588	11.7452505867503	0.00133722190104592	0.0362396201820164
comp15768_c0_seq1	-2.19871669972287	-3.47851922752778	11.7420204270966	0.00133904927478856	0.0362396201820164
comp4015_c0_seq1	1.07811955782857	-1.04205774425731	11.713148771341	0.00135550008213047	0.0366071176841465
comp44397_c0_seq1	-0.956932559913911	-0.781962631776304	11.7078834247675	0.00135852314289217	0.0366111934512611
comp126435_c0_seq1	-1.02894922656022	0.1011346550836	11.7032552917852	0.00137923563825036	0.0370909634615556
comp17063_c0_seq1	1.10780660469016	-1.3955840679815	11.6636218429785	0.00138421853157683	0.037146597098968
comp7585_c0_seq1	-1.74655505035739	-3.03543155484788	11.6376434750988	0.00139953819031286	0.0374788094788194
comp1819_c0_seq1	1.59130650691373	-0.950617103235412	11.8223846602713	0.00140609123085679	0.0375753562258521
comp25242_c0_seq1	1.79390775047159	-2.74864089442147	11.6203697643554	0.00140982356610805	0.0375962782367769
comp21965_c0_seq1	-2.2543711837978	-3.71456321291842	11.60654268089	0.00141811415171539	0.0377384156407435
comp5729_c0_seq1	-2.34895594668292	-3.75173108271482	11.5947957005744	0.00142519793525464	0.0378479126681061
comp7236_c0_seq1	0.881845110997422	-0.672794244766743	11.5829293874992	0.00143239159135556	0.0378869139481593
comp18213_c0_seq1	0.974868560902077	-0.92510297834875	11.5825684364437	0.00143261100831668	0.0378869139481593
comp4379_c0_seq1	-1.27814062093595	-2.64868060193676	11.574134570914	0.00143774794049983	0.037944043473191
comp35410_c0_seq1	-1.15098357915765	-2.37611629625605	11.5633124549563	0.00144436799946497	0.0380399977049174
comp21811_c0_seq1	2.3966577897029	-3.09885043998483	11.548895328853	0.00145323718027119	0.0381490538055228
comp11505_c0_seq1	-0.918091888403199	-1.60826298129954	11.5468591900832	0.00145449440256406	0.0381490538055228
comp125076_c0_seq1	-1.08132936593558	1.34996992282115	11.6411275605192	0.0014602706618863	0.0381669765011842
comp22319_c0_seq1	3.84318686643101	-2.3854614287122	11.9360819271898	0.00146116612007358	0.0381669765011842
comp11051_c0_seq1	1.16867445952687	1.09009945328256	11.5885910025271	0.00147204625369163	0.0383725431407101
comp580_c0_seq1	1.39966676630099	-1.52900513484638	11.4967720498246	0.00148578497806807	0.0386516349294566
comp413_c0_seq1	-1.01955850224106	0.718458798971555	11.5632996090022	0.0014933410149649	0.0387690792622353
comp22006_c0_seq1	-1.46772002881874	-2.82196523406249	11.4540296560655	0.00151304878355583	0.0392008797641994
comp12736_c0_seq1	-1.98069061784955	-2.21611048028085	11.7515950855464	0.00154072352790491	0.0398369225359104
comp22802_c0_seq1	-1.20997165562582	-1.45398741332933	11.3940241508758	0.00155635726118278	0.0401596882759046
comp12560_c0_seq1	-0.972528450130954	1.05063156250957	11.3793610654127	0.00156195144441286	0.0402226162867287
comp3355_c0_seq1	-0.914636497447891	-0.967486737411703	11.3735297242471	0.00156584013450404	0.0402414600696028
comp11964_c0_seq1	1.46057738947753	-1.88131914095362	11.3556899855699	0.00157780031463063	0.0404672446893291
comp94743_c0_seq1	-0.756747740263775	2.26014442019797	11.3296452987541	0.00159543469353677	0.0406606257009002
comp34291_c0_seq1	1.15655772779766	-1.72010900253006	11.3284633418463	0.00159623989224453	0.0406606257009002
comp2909_c0_seq1	-0.954902437316702	-1.11265881727331	11.3263344299172	0.00159769127857788	0.0406606257009002
comp15293_c0_seq1	-1.30825174050712	-2.18868926667402	11.325736111064	0.00159809943329027	0.0406606257009002
comp5900_c0_seq1	4.51067152859386	-3.79793095980254	11.4534174697506	0.00161373192310799	0.0409765753463298
comp8208_c0_seq1	1.34632450154115	-0.65126527058006	11.3448401516643	0.00164007104526211	0.0415625956539883
comp3181_c0_seq1	0.952315531778771	-0.893465766600918	11.2474447692698	0.00165246845579622	0.041729574168923
comp10494_c0_seq1	-1.36770335029135	-2.08316542691927	11.2422530327378	0.00165614217962956	0.041729574168923
comp8824_c0_seq1	1.08502909393339	-1.44698505482087	11.240273925992	0.00165754488351052	0.041729574168923
comp6368_c0_seq1	1.02502403797435	0.100712478796581	11.2353780865602	0.00166102022978027	0.041729574168923
comp1679_c0_seq1	1.97871554846758	-0.467270170313778	11.7257685839593	0.00166302845201325	0.041729574168923
comp61206_c0_seq1	-0.891108211619912	2.82965987910916	11.2194203772811	0.00167240141055943	0.041793566055365
comp2312_c0_seq1	1.38881290473457	-0.508589259347943	11.3808075994147	0.00167855666409099	0.041793566055365
comp13773_c0_seq1	-1.27233249419334	-2.00672386128523	11.2064105335861	0.00168174104868119	0.041793566055365
comp21189_c0_seq1	-2.54705034228928	-3.16931263800425	11.4017549227726	0.00168177517696532	0.041793566055365
comp4050_c0_seq1	-1.05212582118612	-1.52193251076826	11.206089541267	0.00168197218062307	0.041793566055365
comp2161_c0_seq1	-0.942062744669509	-1.5057739315287	11.1948461430865	0.00169008923178992	0.0419135553261207
comp26833_c0_seq1	-1.29880692021857	-2.64585253963485	11.1508367187903	0.00172226122561333	0.0424682066438443
comp24242_c0_seq1	1.25574361382212	4.79016281970548	11.1916916424212	0.00172688240933186	0.0424682066438443
comp8429_c0_seq1	1.55107943690891	-2.20603042156621	11.1438196798619	0.00172745032216045	0.0424682066438443
comp81607_c0_seq1	2.59463878004888	-3.01185645964339	11.1422070488607	0.00172864519256567	0.0424682066438443
comp10264_c0_seq1	2.12635126839735	-3.00106707515649	11.141576443637	0.00172911267342553	0.0424682066438443
comp11735_c0_seq1	-2.18584530630105	-3.34070602770606	11.0997931532564	0.0017603868307603	0.0431178490363714
comp51625_c0_seq1	-1.97582261317172	-3.42486579307109	11.0972251207206	0.00176232833984071	0.0431178490363714
comp10337_c0_seq1	-3.43551793085216	-0.907940764575641	11.724169656246	0.00178919926150146	0.0436285883500824
comp15537_c0_seq1	1.86483001182224	-2.96748504005515	11.0595798352629	0.00179105021921975	0.0436285883500824
comp27815_c0_seq1	1.57094148840127	-2.31702798439578	11.0509030045157	0.0017977401198354	0.0436285883500824
comp18841_c0_seq1	1.02637503376186	0.642905272396724	11.0502262454899	0.00179826301390807	0.0436285883500824
comp11571_c0_seq1	2.04448470741552	-2.75317091034709	11.0475702074878	0.00180031673900865	0.0436285883500824
comp7693_c0_seq1	-1.03421346915109	-1.58772091896083	11.0132082241305	0.00182711081128909	0.0441938928111994
comp23072_c0_seq1	-1.51969797842405	-2.92907249007719	11.0079006564294	0.00183128683116295	0.0442110099182465
comp4933_c0_seq1	-1.20067046537452	-1.38280072235249	11.0032030633871	0.00183499132698626	0.0442167002742796
comp32859_c0_seq1	-1.49138662325255	-2.6688190823431	10.9950803693572	0.00184141551928122	0.0442877804231654
comp1293_c0_seq1	-0.723508417088165	1.12085099739714	10.9825950585687	0.00185133642406053	0.0444425337052722
comp21484_c0_seq1	-2.31466311209706	-2.89574550589363	11.2143049195066	0.00185729878609413	0.0445018564404923
comp26036_c0_seq1	-1.84953350917693	-3.52321355347177	10.9486409139177	0.0018786031010388	0.0448659009878876
comp8425_c0_seq1	1.0493875531965	-1.10613172061123	10.9474936928312	0.00187953174296164	0.0448659009878876
comp14231_c0_seq1	-1.90561790402987	-3.19141913418685	10.936377822292	0.00188855485787422	0.0449970257445284
comp8400_c0_seq1	0.933262568921079	-1.03661527032461	10.926365518965	0.00189672132882716	0.0451072887659699
comp13855_c0_seq1	1.92006857112956	-1.97557859537578	10.9488794681332	0.00193875627743341	0.0460210917475673
comp3305_c0_seq1	0.853403213745564	-0.519514299067098	10.8645620295466	0.0019479635500764	0.0461197537578138
comp15167_c0_seq1	3.38999421338441	-3.63783989756432	10.8619646398157	0.00195014884093996	0.0461197537578138
comp3649_c0_seq1	1.27807126204581	-1.38141992604296	10.8541734453174	0.00195671943761198	0.0461894493911849
comp11707_c0_seq1	-1.19783325239122	-1.10351463037918	10.9015111711443	0.00196792919337088	0.0463681948759678
comp74440_c0_seq1	-0.893232892404711	2.21261670616224	10.8156951688223	0.00198951417378519	0.0467746946750367
comp432_c0_seq1	-2.20951464815527	-3.90274459706353	10.8122013612189	0.00199252053099121	0.0467746946750367
comp7060_c0_seq1	-1.41116485177484	-2.5099005574048	10.8055370628733	0.00199826834933635	0.0468233945753501
comp10854_c0_seq1	1.68856643768358	-1.08999882178282	10.9988695300174	0.00200678605505155	0.0468715165514711
comp11593_c0_seq1	-1.53538299056191	-2.66475432118414	10.79467275648	0.002007676162007	0.0468715165514711
comp8656_c0_seq1	-1.98719890988382	-3.03459647817529	10.7733402914812	0.00202628511796799	0.0471508231942873
comp7330_c0_seq1	-0.843568242386295	-1.1873544957089	10.7724817854884	0.00202703782148501	0.0471508231942873
comp8002_c0_seq1	0.996665194801602	-1.69383465887117	10.7677711649888	0.00203117316320822	0.0471609550299001
comp863_c0_seq1	0.69723057668239	1.91605556180487	10.757463030248	0.00204025354508724	0.0472856580713218
comp5712_c0_seq1	-1.07305488324125	-1.56410074710633	10.7489206702655	0.00204781095233829	0.0473746755162543
comp1516_c0_seq1	-1.12787536285725	-2.1182322221633	10.7096467460782	0.00208293894524214	0.0480977443931241
comp599_c0_seq1	0.771218551668509	5.84459312774615	10.705579821564	0.00208661274412784	0.0480977443931241
comp15870_c0_seq1	-1.32519011868917	-2.59788834288218	10.6916901175785	0.00209921150518478	0.0483008105714629
comp1474_c0_seq1	1.03123802815154	-0.471480495143495	10.6848158216799	0.00210547658969241	0.0483576758356921
comp4214_c0_seq1	0.771314463324967	3.37271688363614	10.6761740233236	0.00211338057257043	0.0484410730849935
comp21998_c0_seq1	-1.19584098091261	9.33223670657262	10.7142040687537	0.00211670806529704	0.0484410730849935
comp65794_c0_seq1	-1.4818430812174	-1.39627919243398	10.8423040187387	0.0021695423827838	0.0494925082529552
comp4407_c0_seq1	1.66066026198211	-2.07195059760649	10.6119000317328	0.00217315961195101	0.0494925082529552
comp11220_c0_seq1	1.00734318847432	-1.0555756850644	10.6098232339265	0.0021751207110022	0.0494925082529552
comp20143_c0_seq1	-1.55445889574385	-3.48966552374912	10.6045987033184	0.00218006245465836	0.0494925082529552
comp7573_c0_seq1	-0.943889092579315	-1.11879000269813	10.600722024593	0.00218373696666371	0.0494925082529552
comp15930_c0_seq1	2.95271579280534	-3.74318838041975	10.5972881440014	0.00218699723721969	0.0494925082529552
comp49994_c0_seq1	-1.83681427288918	-3.48929795848992	10.5943079640877	0.00218983091352214	0.0494925082529552
comp7092_c0_seq1	-1.42948951678365	-2.67727057806917	10.5730109957567	0.00221019418805578	0.0498643279914106
comp24287_c0_seq1	-1.9735592891568	-3.48261461173541	10.5634912291089	0.00221936120469232	0.0499826807000229
