logFC	logCPM	F	PValue	FDR
comp11869_c0_seq1	1.5183198978324	-0.247569424957766	49.1501941110086	1.12472365654922e-08	0.000143368524500329
comp3889_c0_seq1	-2.90264989326517	-0.0711061403405881	50.3548834298234	4.92807685740084e-08	0.000314090978506443
comp15785_c0_seq1	3.08212798308828	-2.19369185659583	37.4636587766729	2.58209575078828e-07	0.00109713248450994
comp23616_c0_seq1	1.38420971552759	-0.913003782284643	35.745647453974	3.67459863105525e-07	0.00111284806922262
comp12560_c0_seq1	-1.32294303974359	1.05063156250957	34.4192023029483	5.36238862859414e-07	0.00111284806922262
comp17578_c0_seq1	-3.38040086973813	0.82735904979916	39.5095407889822	5.89471039826183e-07	0.00111284806922262
comp4990_c0_seq1	1.08438269942137	1.32200324046699	33.9659237949571	6.11119203307315e-07	0.00111284806922262
comp14991_c0_seq1	1.47751721631519	1.96896868878506	33.2057576825429	7.88729154376341e-07	0.0012567413163544
comp8945_c0_seq1	-2.27777914575079	2.95022115775566	36.4384559671856	9.14432191792755e-07	0.00129514079430914
comp527_c0_seq1	1.81326965988068	3.26631972502001	32.8994339773836	1.26921584225804e-06	0.00148301291778328
comp2758_c0_seq1	1.19992932511547	-1.088226957196	31.1436786298515	1.40492876223604e-06	0.00148301291778328
comp431_c0_seq1	1.84420840251221	2.7089069278962	32.5476206773786	1.49063335106088e-06	0.00148301291778328
comp607_c0_seq1	1.41893672339386	1.42904026692198	31.0585786262637	1.51244747243921e-06	0.00148301291778328
comp16957_c0_seq1	1.57204979550955	3.61170495370053	30.925529450479	1.73379037154544e-06	0.0015085521808323
comp83494_c0_seq1	-4.10396791090439	0.177782127196346	34.5140279448642	1.90222954116311e-06	0.0015085521808323
comp4957_c0_seq1	-1.47284074033466	-0.32193358740506	30.6366138527429	1.95568821888407e-06	0.0015085521808323
comp4940_c0_seq1	1.39514505839049	3.76485094809634	29.9600870963171	2.01187629043297e-06	0.0015085521808323
comp17122_c0_seq1	-2.28285827369677	-2.21139802616808	30.263326820358	2.18959704593239e-06	0.00155059964136112
comp17081_c0_seq1	2.73086965950374	-1.68592571490017	30.3379862885239	2.88971267247077e-06	0.00193869302294657
comp1297_c0_seq1	2.59152300381976	-0.985889837442765	31.066274616669	3.13457564042837e-06	0.00199782178442702
comp78387_c0_seq1	-1.92016858705645	-2.09745169281572	28.1801989074817	3.54857414264067e-06	0.00215398450458289
comp4689_c0_seq1	2.16978712000212	-1.07686271826899	29.1144633185339	4.13027928720013e-06	0.00239312136699727
comp18847_c0_seq1	1.13189000473093	-1.09115951038055	27.0327920021013	5.0245267482017e-06	0.00273784701013649
comp687_c0_seq1	1.01591615043215	0.148478282078393	26.9527383514361	5.15480726784936e-06	0.00273784701013649
comp4102_c0_seq1	2.6997185107104	-1.36421375863535	28.4837134227644	6.05700018285604e-06	0.00304184229225094
comp76211_c0_seq1	-2.07936708299081	-1.68061041505198	27.7389456568904	6.29516180424966e-06	0.00304184229225094
comp15085_c0_seq1	-3.39734836023766	-0.304055826648424	29.6070321290218	6.44306439874287e-06	0.00304184229225094
comp17466_c0_seq1	1.90910443445831	-1.73642786977743	26.0448536291253	7.06734911817734e-06	0.00314873403173499
comp12892_c0_seq1	-3.17140751235065	-3.52380193915922	25.9323079987934	7.16351195734798e-06	0.00314873403173499
comp12901_c0_seq1	1.09688037920858	-0.0943928029190649	25.717916211638	7.68139404817124e-06	0.00326382433106796
comp10085_c0_seq1	1.13961627722928	-0.922402613876691	25.5577145006479	8.09390669076133e-06	0.00327618740319065
comp16116_c0_seq1	-1.35611066745901	-1.33040206363202	25.5087674505835	8.22452317424499e-06	0.00327618740319065
comp4358_c0_seq1	1.61620189098969	3.45738045673181	26.338370508136	8.56529822966286e-06	0.00330854110707613
comp7363_c0_seq1	-1.13446367316346	-1.09152786560649	24.9259686945853	9.96105553274342e-06	0.00371180545019825
comp24764_c0_seq1	-2.88693387287142	-3.47779661790461	24.80538892775	1.03660683308052e-05	0.00371180545019825
comp17446_c0_seq1	1.34272920276301	-0.638346007554432	24.6756086263743	1.08213284657436e-05	0.00371180545019825
comp9916_c0_seq1	2.89440352027609	-0.0483969118884773	27.3153639740379	1.13734821704541e-05	0.00371180545019825
comp32661_c0_seq1	-2.94974776573327	1.03080295249267	27.4100105331578	1.15595830652446e-05	0.00371180545019825
comp9461_c0_seq1	1.281323478293	-0.242837018919015	24.4764972111638	1.15609704602057e-05	0.00371180545019825
comp3482_c0_seq1	-1.19668866858753	-1.2406253015543	24.4132926742817	1.18066882951553e-05	0.00371180545019825
comp2452_c0_seq1	-2.70585337431707	-3.30445745989349	24.3798750724891	1.19388109718466e-05	0.00371180545019825
comp8544_c0_seq1	1.84006054346926	-1.08297187461295	24.1106758777121	1.6798091626654e-05	0.00495574922906415
comp2884_c0_seq1	0.966118989592947	0.1439331749481	23.3183304561025	1.70549418649732e-05	0.00495574922906415
comp30519_c0_seq1	2.2609476459993	-0.178686929862841	25.4074602322075	1.7301507261584e-05	0.00495574922906415
comp2740_c0_seq1	-1.22226422538227	2.57646953249807	23.5187591414208	1.74949961016621e-05	0.00495574922906415
comp24533_c0_seq1	1.15609571602413	-0.0365127723435229	23.0800452247187	1.84921690590598e-05	0.00512434084773555
comp5139_c0_seq1	-0.963774586128065	2.2708648208135	22.8423290750568	2.00529908182669e-05	0.00543862710554144
comp10448_c0_seq1	1.18084385590668	-0.233569623484825	22.560798024001	2.2081890152202e-05	0.0057887155728339
comp1741_c0_seq1	1.05732637541372	-0.751031444936742	22.5384296304003	2.2252064255814e-05	0.0057887155728339
comp1698_c0_seq1	1.01000201128801	1.00895369236929	22.4632883516251	2.28338626992076e-05	0.00582126495653598
comp14309_c0_seq1	2.14185622935693	0.00118149153153776	24.136618814817	2.49568775878672e-05	0.00623775134534399
comp1440_c0_seq1	0.903913593007497	0.473813670249468	22.1130487409688	2.57639190154623e-05	0.00626088802626713
comp2275_c0_seq1	1.38594413120444	0.0769618656395755	22.6207974190617	2.60317773116935e-05	0.00626088802626713
comp4043_c0_seq1	3.29868578185962	2.28747591180817	24.4142720476478	2.66377604539956e-05	0.00628799134272373
comp8586_c0_seq1	-1.17074034365304	-1.12635971248475	21.8542049626118	2.81812823035452e-05	0.00648060368754194
comp13352_c0_seq1	1.68615698089506	-1.17202326004574	22.3414001391018	2.84705269084764e-05	0.00648060368754194
comp8286_c0_seq1	1.02255988870935	-0.109631453957419	21.6604630914576	3.01456873724808e-05	0.00674152766556163
comp23731_c0_seq1	1.15875648891048	0.102172747658586	21.321836295416	3.39317476596696e-05	0.00745737909341049
comp798_c0_seq1	0.921531289978593	4.77682054615456	21.268641438306	3.45704230630349e-05	0.0074689691997374
comp2081_c0_seq1	1.2177077155293	3.6674514512458	21.2272277853578	3.57365854774037e-05	0.00756825267542151
comp6880_c0_seq1	0.800902915524251	2.89040364078813	21.0847513505565	3.68771505458218e-05	0.00756825267542151
comp78_c0_seq1	2.05012464484792	0.594923406523046	22.8881513347286	3.70820494044554e-05	0.00756825267542151
comp14252_c0_seq1	-2.30069627869847	-3.5019851172589	20.9857539762966	3.81853063568883e-05	0.00756825267542151
comp46056_c0_seq1	0.900433026774095	0.81900678398191	20.9073224159168	3.92562288930051e-05	0.00756825267542151
comp7797_c1_seq1	1.10223981675272	-0.820139702114686	20.8730005397954	3.97347340744435e-05	0.00756825267542151
comp5569_c0_seq1	-3.46789128755209	-3.72736725072218	21.6483881740256	3.97510942208706e-05	0.00756825267542151
comp311_c0_seq1	2.05830043601128	-0.109146453491543	22.5716376881116	3.97797857733773e-05	0.00756825267542151
comp16321_c0_seq1	-1.39241146772988	-1.89941700036336	20.6915590688464	4.23680296707917e-05	0.00794213638549386
comp44094_c0_seq1	2.15050708172357	-2.68193350957361	20.551946329565	4.45185962832243e-05	0.00822432676553999
comp8849_c0_seq1	0.87740639436407	0.478339707841733	20.2680987257463	4.9251723007793e-05	0.00884445181577976
comp3484_c0_seq1	0.893532843351735	0.429121128953388	20.2674543961049	4.92630484757483e-05	0.00884445181577976
comp12170_c0_seq1	-1.8896926481722	-2.6588650468905	20.0609745880463	5.30369689837581e-05	0.00938975338383284
comp71_c0_seq1	1.26902440308142	2.88274056951005	20.2657603166516	5.45944727344433e-05	0.00940312580181298
comp10402_c0_seq1	2.70686652819987	-3.30059924085701	19.9187103284087	5.58128385664216e-05	0.00940312580181298
comp9319_c0_seq1	1.95410759026045	-2.50268614842564	19.9074275662624	5.60394166835283e-05	0.00940312580181298
comp25359_c0_seq1	-1.51165084906503	-0.804663697879792	20.7347346239718	5.76040523810998e-05	0.00940312580181298
comp11085_c0_seq1	1.13429212309316	0.978201882342351	19.9175727743521	5.79877759102121e-05	0.00940312580181298
comp187_c0_seq1	-0.74877039902876	4.0632601935475	19.8109652514909	5.80164046391257e-05	0.00940312580181298
comp3490_c0_seq1	-1.56658538389287	-2.18000502246306	19.7985453734202	5.82762170191594e-05	0.00940312580181298
comp18633_c0_seq1	1.2180629345516	-1.17825004495283	19.7496660237373	5.93106447225485e-05	0.00945040985347907
comp3494_c0_seq1	-2.17654509277465	-2.85793914591743	19.7412001711372	6.21717928475493e-05	0.00978399806700878
comp9290_c0_seq1	-0.729058324618498	0.147415530760126	19.5492455872026	6.37578707400563e-05	0.00983974614063292
comp118387_c0_seq1	1.0679108202193	0.356504205122061	19.5357390141356	6.40698932825396e-05	0.00983974614063292
comp250_c0_seq1	1.2417960910078	-0.0124228913058182	19.599382590151	6.95567188813529e-05	0.010505429337685
comp8720_c0_seq1	-0.908973284994617	0.907504840362002	19.2893257951388	7.00526785677593e-05	0.010505429337685
comp12353_c0_seq1	-1.03531761928708	-1.50670011814142	19.1877204800665	7.26877644388669e-05	0.0107738480616539
comp469_c0_seq1	1.2658828367873	6.3895512279873	19.1792896923819	7.54384406538122e-05	0.0108464340263723
comp25595_c0_seq1	-2.20000110790494	-3.3472962441943	19.0779138154395	7.56528549262108e-05	0.0108464340263723
comp33620_c0_seq1	-1.37004383996823	-1.77955180973968	19.0446875097446	7.65748692816233e-05	0.0108464340263723
comp11051_c0_seq1	1.13511341459231	1.09009945328256	19.2055290640645	7.70240450442162e-05	0.0108464340263723
comp146_c0_seq1	-1.11909102407335	3.43313925168751	19.1528487991855	7.82719832228376e-05	0.0108464340263723
comp26870_c0_seq1	-1.59768552427654	-2.45938684791779	18.9838784235367	7.82929677359386e-05	0.0108464340263723
comp46276_c0_seq1	2.4049521171551	-2.42245098336676	19.3417095394344	7.94980426271067e-05	0.0108464340263723
comp463_c0_seq1	8.60174738015961	-2.92518260132507	22.5926271741152	8.10214564030766e-05	0.0108464340263723
comp473_c0_seq1	1.04445776981664	0.154354015194776	18.8871726824091	8.11091210516207e-05	0.0108464340263723
comp427_c0_seq1	0.746805857278869	0.197653062735249	18.867781728539	8.16864883134652e-05	0.0108464340263723
comp10172_c0_seq1	-1.49593073271961	-2.73793672839108	18.8037367908165	8.3624280059058e-05	0.0109260542264913
comp17217_c0_seq1	-0.80998641989479	1.69741083826479	18.7914859310742	8.40004168977914e-05	0.0109260542264913
comp8485_c0_seq1	1.89311055809838	-0.143815344005644	20.0184909019732	8.75354219468945e-05	0.0112406071247038
comp3776_c0_seq1	-3.02027892404651	-3.6992971839109	18.6819870673491	8.86928320690335e-05	0.0112406071247038
comp4730_c0_seq1	-0.670619088756424	0.861595128114881	18.6138631777357	8.96580367693888e-05	0.0112406071247038
comp12719_c0_seq1	-0.785277221807161	0.450407800515692	18.59955706459	9.01307920034201e-05	0.0112406071247038
comp16647_c0_seq1	-1.27827351427044	-1.13154968942359	18.7719211607103	9.0827844500235e-05	0.0112406071247038
comp6626_c0_seq1	1.52891173488145	-0.99080177438456	19.0286970961398	9.18322743985218e-05	0.011255634632288
comp98499_c0_seq1	0.908976163080331	-0.643611565589035	18.4922518735047	9.37612655604354e-05	0.0113306072665624
comp2304_c0_seq1	1.69945912542146	-1.57736752904921	18.7933566443119	9.46328440791914e-05	0.0113306072665624
comp3369_c0_seq1	1.90371620265451	-2.36598945624575	18.4534773173107	9.5110612498798e-05	0.0113306072665624
comp7391_c0_seq1	-1.13413490915541	-0.223185588092199	18.567042209224	9.98026981092253e-05	0.0117794906740583
comp10775_c0_seq1	1.11103510993221	-0.592872580094061	18.2568785501722	0.000102272988486176	0.0119603099470943
comp10867_c0_seq1	2.56031965932356	-3.42906834521491	18.1842742062513	0.000105059340658009	0.0121744674124331
comp17595_c0_seq1	2.28343064345091	-2.77867298010249	17.9996689155712	0.000112508987050631	0.0128647443727778
comp11394_c0_seq1	-1.56571930896297	-2.9416816325015	17.9721176114033	0.000113667512259204	0.0128647443727778
comp3846_c0_seq1	-0.865349840816498	3.71432739145739	17.9491900025345	0.000114641159998249	0.0128647443727778
comp7946_c0_seq1	0.954811326727582	-0.9481683052077	17.9395529029663	0.000115053020985069	0.0128647443727778
comp10010_c0_seq1	-1.46562482230091	2.35886043705578	18.9601630610317	0.000116262287435737	0.0128869163299421
comp15715_c0_seq1	-1.0864551427266	-1.58980304191348	17.8799408104859	0.000117635435617034	0.0129201164496006
comp6694_c0_seq1	0.85730100477025	-0.334377202635704	17.8519998673939	0.000118866727170663	0.0129201164496006
comp159_c0_seq1	-1.01862746652795	3.74309044922924	17.835446928024	0.000119602552840109	0.0129201164496006
comp9313_c0_seq1	1.65608803816122	-1.50227504829411	18.0427847480632	0.00012910108518643	0.013780718753111
comp15383_c0_seq1	1.31375477688207	-0.940693345461984	17.7296561620536	0.000130711063443581	0.013780718753111
comp9828_c0_seq1	-1.03612953785449	-0.816001498462433	17.5813959451125	0.000131516104056758	0.013780718753111
comp20020_c0_seq1	1.21117886803191	-1.12551856468833	17.57374621838	0.000131893597542915	0.013780718753111
comp2288_c0_seq1	-2.39425633210384	6.64035876825901	19.0270669721143	0.000135106588227194	0.0140016559360329
comp2312_c0_seq1	1.30524402682079	-0.508589259347943	17.8557827468183	0.000137184509013534	0.0141023462612542
comp62667_c0_seq1	-1.74627287401088	-2.80970754648453	17.3827516806291	0.000141697078999887	0.0144497013280925
comp10931_c0_seq1	2.00307669433574	-0.425255591716995	18.5958328064335	0.00014531126643612	0.0146297586643271
comp14896_c0_seq1	-2.78060867769092	-3.63601782778358	17.3076642910644	0.000145758166656432	0.0146297586643271
comp11607_c0_seq1	-1.37902964645507	-3.18392099744727	17.2586058861186	0.000148477361359122	0.0147862572284745
comp4303_c0_seq1	0.985417690821962	1.24924344561618	17.2088660088982	0.000151288778821809	0.0149494423538109
comp7440_c0_seq1	1.10010635150741	-1.28947734636566	17.176820252888	0.000153129652537538	0.0149753519480413
comp30066_c0_seq1	-1.63801829409616	-2.55644790793447	17.1384106342819	0.000155367144865322	0.0149753519480413
comp24027_c0_seq1	1.0042776399784	-0.0756711622657561	17.109671167093	0.000157063763588924	0.0149753519480413
comp1087_c0_seq1	2.91910838438557	-0.457627498038086	18.5699677166834	0.00015785528990897	0.0149753519480413
comp2665_c0_seq1	-0.596302225624226	0.929436798406239	17.025555027883	0.000162142274458005	0.0149753519480413
comp903_c0_seq1	1.1910705488356	-0.10652262897249	17.2977465008169	0.000163637123417854	0.0149753519480413
comp970_c0_seq1	-0.938109722936215	-1.97568943597586	16.9975981410098	0.000163868123885582	0.0149753519480413
comp5666_c0_seq1	-0.694686003186206	-0.793703522528442	16.9623556233479	0.000166071270756511	0.0149753519480413
comp1361_c0_seq1	4.13132797765445	-3.74210264838156	16.9560992464793	0.000166465622307149	0.0149753519480413
comp31906_c0_seq1	1.63401431903753	-2.48710736870339	16.9524698299094	0.000166694842182639	0.0149753519480413
comp30163_c0_seq1	1.19411913495851	-0.31744146874104	17.1701220017246	0.0001671640754947	0.0149753519480413
comp4671_c0_seq1	1.03347679525366	-0.0447626512131426	16.9371947828868	0.000167663195138321	0.0149753519480413
comp742_c0_seq1	1.18632848666544	-0.168574745072041	17.1849196822228	0.000168635670875359	0.0149753519480413
comp9742_c0_seq1	-1.40944136649893	-0.97853142104451	17.5582526863295	0.000168864307045732	0.0149753519480413
comp22675_c0_seq1	-1.69798178438936	-3.37512893327117	16.9131907216604	0.000169196876099461	0.0149753519480413
comp5862_c0_seq1	-2.18644768217804	-2.10187485225349	17.7960895452382	0.000170348005998744	0.0149753519480413
comp27162_c0_seq1	-1.46106930871011	-2.95663389961579	16.8642497741092	0.000172369673271202	0.0150492892136165
comp27218_c0_seq1	1.4571881254543	-0.854488483040241	17.3190879187293	0.00017493323613546	0.0151692106191749
comp7306_c0_seq1	2.69294353756369	-0.816723184998732	18.1736576631433	0.000177233967148253	0.0152648741840458
comp40693_c0_seq1	-1.51620666712314	-2.81779504178161	16.7443159495997	0.000180412027373109	0.0153874849159798
comp5568_c0_seq1	-0.746520865786928	1.48311551001757	16.7208747993946	0.000182029447977056	0.0153874849159798
comp9971_c0_seq1	1.6546166568562	-0.417303197016661	17.5806079524477	0.000182752294923156	0.0153874849159798
comp14598_c0_seq1	-1.49828234449555	-2.47841676691271	16.6999497335417	0.000183486130636928	0.0153874849159798
comp5086_c0_seq1	1.55275837425662	-1.91881750159386	16.636639923654	0.000187968449249848	0.0156059422018088
comp5351_c0_seq1	-0.862279602350845	-1.26117320771127	16.6286860266408	0.000188539664162435	0.0156059422018088
comp2543_c0_seq1	-0.865789815250744	1.23873983415799	16.506010305351	0.00019758448672264	0.0159254866458061
comp10101_c0_seq1	-1.17425263845725	-1.97834312820779	16.5002585205049	0.00019801959443171	0.0159254866458061
comp22656_c0_seq1	1.55782162744976	-1.26912944927474	16.8845753186211	0.000198886357961319	0.0159254866458061
comp7895_c0_seq1	0.780071996408615	1.17699357215	16.4667809641815	0.000200572147678386	0.0159254866458061
comp188_c1_seq1	5.62787726487336	-1.90055830114925	17.8356080723768	0.000201730049893233	0.0159254866458061
comp30281_c0_seq1	-1.22329480048952	-2.52047610719555	16.4365728759737	0.000202905092211779	0.0159254866458061
comp3229_c0_seq1	1.62820153851344	-0.588253371636916	17.2580024060876	0.000203671832959773	0.0159254866458061
comp9472_c0_seq1	-0.94443250871487	0.0654161260754423	16.4257128476362	0.000203775915305034	0.0159254866458061
comp1908_c0_seq1	0.781859468255945	3.79166080722276	16.3985797054831	0.000205879820417574	0.0159254866458061
comp55608_c0_seq1	-1.64824027201222	-3.10492023643169	16.396185060638	0.000206068841025694	0.0159254866458061
comp21139_c0_seq1	-1.00500608495349	-0.537637378044853	16.3952457211263	0.000206143037307445	0.0159254866458061
comp19690_c0_seq1	-0.947037603173631	-0.536525094589448	16.3309527548327	0.00021128870317501	0.0162246813215172
comp5333_c0_seq1	-1.78851879760416	-3.00823016444887	16.242138587068	0.000218619966552102	0.0166871180457464
comp13004_c0_seq1	2.92120487335014	-3.43232742441721	16.2189532448989	0.000220577492805467	0.0167363172666148
comp8808_c0_seq1	1.013462091235	-1.57868819451981	16.1592506968983	0.000225703405140855	0.0170239130492928
comp2261_c0_seq1	1.01850585875998	4.71717775865545	16.1010544234482	0.000230820589120788	0.0173074708795452
comp2923_c0_seq1	1.88214227170178	-3.10071977729808	16.0829101801607	0.000232440826717108	0.0173270363635262
comp2428_c0_seq1	0.708561508363251	0.949544232014058	16.0438825978005	0.00023596653511318	0.0174002655253917
comp6682_c0_seq1	0.978751807091326	0.29001767703547	16.0421411379238	0.000236153285941222	0.0174002655253917
comp50127_c0_seq1	0.769766686764104	0.12651463721872	16.0154495556371	0.000238570506271158	0.0174773462266577
comp361_c0_seq1	5.3370101784816	-1.10658412626897	17.2997031473642	0.000242100099684919	0.0176345712610495
comp1837_c0_seq1	1.03716173932474	-0.136484767781184	15.9874261283048	0.00024412588278087	0.0176611975914444
comp139_c0_seq1	0.755310345865203	3.21310768288344	15.9400660154383	0.000245621563828408	0.0176611975914444
comp13696_c0_seq1	-1.04067879286634	0.114335055627066	16.1385935964369	0.000247810004859523	0.0176611975914444
comp21068_c0_seq1	1.03313745716092	-0.702841257342458	15.8978577792482	0.000249664882867071	0.0176611975914444
comp10372_c0_seq1	-1.08129706946464	-1.72737968099195	15.889472343305	0.000250476458197461	0.0176611975914444
comp11049_c0_seq1	-1.46768420879317	-0.613692950595756	16.7276130241437	0.000250778752965516	0.0176611975914444
comp3991_c0_seq1	1.39322741354172	2.60029352611097	16.5384622646331	0.000253538225468981	0.017711867079813
comp1009_c0_seq1	0.857472552670814	-0.398132930931586	15.8452930805796	0.000254798329427201	0.017711867079813
comp11756_c0_seq1	1.86597776522462	-2.1674049531365	16.0351102646883	0.00025566670924026	0.017711867079813
comp3887_c0_seq1	-1.57544138423222	0.622488532439783	16.8976379716951	0.000258838999971947	0.0177280913000207
comp17521_c0_seq1	-1.40173618796139	-1.09668638431288	16.3372397226422	0.000260689261916096	0.0177280913000207
comp19574_c0_seq1	-0.780089789640071	-0.0281818684290351	15.7599706628171	0.000263368427597798	0.0177280913000207
comp4371_c0_seq1	-0.809979567385341	2.1778104293202	15.7566506557804	0.000263707964123528	0.0177280913000207
comp14343_c0_seq1	0.855047829099705	-0.808107005917291	15.7539802217635	0.000263981402800476	0.0177280913000207
comp12799_c0_seq1	-0.817314712168649	-1.37652818024871	15.7514038081746	0.00026424549674464	0.0177280913000207
comp5046_c0_seq1	-1.3673320666104	-0.688079861916538	16.3352309335765	0.000273830849917294	0.018241397065796
comp887_c0_seq1	-1.54766864110276	-0.212148496828036	16.625404805781	0.00027660750662173	0.018241397065796
comp16929_c0_seq1	-1.52020279859	-2.48861783798219	15.626736459275	0.000277362174308956	0.018241397065796
comp853_c0_seq1	-0.933505088704026	0.300454294285048	15.6308071593081	0.000281592805667528	0.018241397065796
comp13543_c0_seq1	0.795913846024289	-0.486751749636021	15.583190458674	0.000282103603801482	0.018241397065796
comp3803_c0_seq1	1.01638419815023	-1.63360709940549	15.577841308446	0.000282691885555435	0.018241397065796
comp21205_c0_seq1	0.766953270344957	1.69447447283627	15.5774619867241	0.000282733651033872	0.018241397065796
comp5151_c0_seq1	-1.66599230529729	0.928090161102131	16.6816833207827	0.000285059582808682	0.018241397065796
comp3588_c0_seq1	0.850435823111268	1.60678160615504	15.5498913690807	0.000285786770597203	0.018241397065796
comp8554_c0_seq1	-1.19096172287509	-2.16234287084936	15.5461216805999	0.000286206904617494	0.018241397065796
comp5510_c0_seq1	1.06504225101939	-1.08881148673747	15.467586566295	0.000295108964359206	0.0186489109220534
comp9751_c0_seq1	1.8539589738139	-2.28847438799706	15.509842281151	0.000295526791108088	0.0186489109220534
comp6745_c0_seq1	0.629230979269507	-0.125151970931915	15.423363924575	0.000300249330248155	0.018853587254548
comp15850_c0_seq1	2.14035630134374	-2.52132291512825	15.6052484407125	0.000303358307316166	0.0189554330556822
comp10502_c0_seq1	1.8389176430194	-2.64695781584943	15.3633840877554	0.000307372182237616	0.0191125522291848
comp17790_c0_seq1	0.898912780111996	-0.983946766972	15.3023525708324	0.000314802528300997	0.0194515486469329
comp10603_c0_seq1	0.982379726025803	-1.80158647139503	15.2936611677095	0.000315875937076575	0.0194515486469329
comp34441_c0_seq1	1.47467651741404	-2.45274300900154	15.242827444593	0.000322231579086442	0.0197475285510331
comp7865_c0_seq1	0.994468044472863	-0.0105990626580498	15.1888794878585	0.000334879396056342	0.0203314058941908
comp11450_c0_seq1	1.08171021771584	-0.838496504588323	15.145243758496	0.00033494902626344	0.0203314058941908
comp973_c0_seq1	1.98546569016268	0.955777779874083	16.2350546751002	0.000337571933392342	0.020393504431053
comp972_c0_seq1	-2.7131382437943	-3.32903318021303	15.4130028027081	0.000343455787571956	0.0206510892649987
comp2512_c0_seq1	0.99295205146032	-0.512269766124601	14.9888735797588	0.000356059601559029	0.0211268178725029
comp780_c0_seq1	0.814046278100979	1.54110541856654	14.9850474556453	0.000356596930260821	0.0211268178725029
comp2929_c0_seq1	0.907709683845627	-1.31659836022091	14.9830813817789	0.000356873371027426	0.0211268178725029
comp16596_c0_seq1	-1.16029569509408	-2.27835442700194	14.9751037489157	0.000357997384518759	0.0211268178725029
comp1635_c0_seq1	2.45964492576161	-0.505739037982888	16.0803254149196	0.000361172456167078	0.0211524063223573
comp7667_c0_seq1	3.57308970654851	-3.97672349118863	14.9486607106061	0.000361749790403538	0.0211524063223573
comp12445_c0_seq1	2.63995738712678	-3.56423807577745	14.9090903709361	0.000367442478711513	0.0212895583548782
comp13495_c0_seq1	2.50365128338177	-3.68769320780499	14.9037910757886	0.000368211971959041	0.0212895583548782
comp754_c0_seq1	-1.2662146459875	-1.95456492693705	14.8951421257132	0.000369471499872047	0.0212895583548782
comp181_c0_seq1	1.04150749238727	5.87165600738216	14.8862168351313	0.000370776022184275	0.0212895583548782
comp7574_c0_seq1	-0.630482804462931	-0.138300828307648	14.8613645671682	0.000374434021284655	0.021403185961056
comp2357_c0_seq1	-0.970469475045007	1.68787625097738	14.997741555136	0.000377721759894437	0.0214132547395632
comp26820_c0_seq1	-1.82261538587707	-3.08347431540419	14.83736329915	0.000378002803206418	0.0214132547395632
comp3453_c0_seq1	-0.945754166169758	-1.83017241820672	14.8263671635699	0.000379649766309036	0.0214132547395632
comp44848_c0_seq1	-1.27354217922297	0.0810311131897454	15.48681175429	0.000382242260390864	0.0214645026132262
comp58968_c0_seq1	-2.56843754580273	-3.65560774046265	14.813851282686	0.000385434790377852	0.0215488476883618
comp81281_c0_seq1	1.00682007540481	-0.960215045833487	14.7753104429111	0.000387396340674976	0.0215639351728556
comp4486_c0_seq1	-0.954514894726059	2.91550074613426	14.8106505057564	0.000392179107699113	0.0217352481993069
comp38076_c0_seq1	-2.18253491458956	-3.00200101254111	14.7681446686023	0.000400660080814695	0.0220330384880222
comp15849_c0_seq1	-1.89580471448036	-3.32903275369748	14.688138007396	0.000401009251527508	0.0220330384880222
comp517_c0_seq1	-2.20573206600779	-0.82481656099108	15.7356291199006	0.000406859612566396	0.0221831596393989
comp18887_c0_seq1	1.46437527586821	-2.42823402092044	14.6493825644866	0.00040722204092095	0.0221831596393989
comp12468_c0_seq1	-2.7662369127217	-3.78883477842912	14.636130301144	0.000409369639567035	0.0222052544491957
comp8651_c0_seq1	0.923770537987903	-0.891616457384724	14.5836120535351	0.000417998361457896	0.0225772250572195
comp6059_c0_seq1	-0.799189603870886	0.19992861754069	14.5657918707034	0.000420969506087247	0.0226417649539837
comp6676_c0_seq1	1.6323339505536	-2.64750890254046	14.4891577353527	0.00043400213582788	0.0232301759996973
comp546_c0_seq1	0.790060039641992	6.28785369488402	14.4801918113218	0.000435554409973143	0.0232301759996973
comp2518_c0_seq1	1.8430931268528	0.281108867278346	15.4516409237007	0.000437478643974428	0.0232355844780918
comp30944_c0_seq1	5.18822962611116	-0.438969876323015	15.5042407349903	0.00044727240041633	0.0236571837680787
comp1836_c0_seq1	1.94893674570151	-2.03360565543382	14.8754852880107	0.000450623980495046	0.0237315031090777
comp1822_c0_seq1	-0.511413063037505	1.43728229344718	14.3795445483398	0.000453385815048569	0.0237315031090777
comp21414_c0_seq1	2.09614413082292	-2.23528748962074	14.7618819337784	0.000454901550092744	0.0237315031090777
comp3396_c0_seq1	1.04709282865433	2.23854376477406	14.5324355561671	0.000456224257403638	0.0237315031090777
comp3291_c0_seq1	0.804162792019177	1.88530741965092	14.3505958236079	0.000458655594976953	0.0237315031090777
comp10974_c0_seq1	1.06511957557233	-0.626326706063509	14.3874705517631	0.000462022668085109	0.0237315031090777
comp11714_c0_seq1	0.669637368307403	0.225644307395607	14.3254813945969	0.000463279591384293	0.0237315031090777
comp6183_c0_seq1	2.30468746917587	-3.55566502645201	14.3239054970783	0.000463571371629431	0.0237315031090777
comp2128_c0_seq1	3.35594279176564	1.45056932950459	15.3722338813792	0.000468369779916394	0.0238812383383771
comp6041_c0_seq1	0.53198692264165	1.06252223541071	14.2498868697679	0.000477496210619913	0.0242495784731953
comp7559_c0_seq1	2.3887522581861	-3.51417887493196	14.2213638714453	0.000482978993940979	0.0244306874435145
comp28260_c0_seq1	0.747057496343016	-0.457812736137146	14.1538144167548	0.000496229456561329	0.0249200192542255
comp22244_c0_seq1	1.14729144388961	-1.42964172253719	14.1521400757625	0.000496562712055643	0.0249200192542255
comp2474_c0_seq1	0.642114333966197	0.268345271038184	14.1106124127429	0.000504904049045872	0.0251540606520342
comp1299_c0_seq1	0.698571393278353	-0.46189538051235	14.1092857435436	0.000505172944765102	0.0251540606520342
comp17031_c0_seq1	1.67490802788929	-3.086633086163	14.09282280704	0.000508522298039851	0.0252191434333773
comp30815_c0_seq1	-1.58870171531121	-2.9339272260095	14.0756068547954	0.000512049857736409	0.0252191434333773
comp5252_c0_seq1	0.985069298665044	-0.103115616754409	14.1182347517301	0.0005124153251153	0.0252191434333773
comp52672_c0_seq1	-1.02900182350218	0.490869208268701	14.3513434434293	0.00051563962960813	0.0252802244562109
comp5695_c0_seq1	1.13325515834772	-2.25043891723995	14.0396579722666	0.000519499090876678	0.0253718578981035
comp11960_c0_seq1	1.99323650779568	-2.51806215201428	14.1971842346682	0.000526301086721912	0.0255414187809634
comp6497_c0_seq1	0.900558506646032	-1.19437610200064	14.0041057960926	0.000526978358781939	0.0255414187809634
comp11299_c0_seq1	-0.977373889830969	-1.0198054319732	13.9345466090291	0.000541941493792986	0.0261671523537091
comp35312_c0_seq1	0.72056833517024	-1.22576450787147	13.9213733466658	0.000544825253016691	0.0262071226422783
comp2553_c0_seq1	-1.30851041863321	0.940985387282696	14.6165754530883	0.000551877457841144	0.0264465487033875
comp11729_c0_seq1	-0.88077585881572	-1.80327497775001	13.8581677237169	0.000558887975257457	0.026682191088415
comp5948_c0_seq1	1.90947303726422	-2.39373255765384	14.0172211081941	0.000567014560326331	0.0269691589570139
comp2436_c0_seq1	-0.94654522737097	-1.22579032109441	13.8120672855729	0.000569385582739391	0.0269812565917436
comp9188_c0_seq1	0.777668452319663	-1.30566016057132	13.792527055028	0.000573897559450276	0.0270161873894872
comp23799_c0_seq1	-1.02642483078183	-1.14405437531391	13.7994229567097	0.000574361558213778	0.0270161873894872
comp8023_c0_seq1	-0.593256202686371	-0.916370249597076	13.7507159691758	0.000583678920833441	0.0273535117789113
comp26345_c0_seq1	-1.01167762430406	-2.60973703765308	13.7244814862489	0.000589905728138773	0.0274558764841055
comp28843_c0_seq1	0.712640424368767	-0.0960149028340688	13.7198043439266	0.000591023181971078	0.0274558764841055
comp16857_c0_seq1	1.82950872318197	-3.27605157179631	13.7143675059944	0.000592324941800346	0.0274558764841055
comp1787_c0_seq1	2.14527110281861	-2.80908549330508	13.744563567023	0.000595125888986465	0.0274857598076466
comp1117_c0_seq1	4.97036530863791	-3.07507348375414	14.441516578134	0.000599836138950748	0.0275394071264212
comp29516_c0_seq1	-1.02447195507153	-2.15502839562248	13.6738147075729	0.000602130353209781	0.0275394071264212
comp4229_c0_seq1	1.1161060874218	-1.86189414379956	13.6671528315904	0.000603757424293287	0.0275394071264212
comp15368_c0_seq1	1.48787133596563	-1.29922326690063	13.9995318309928	0.000604929316340939	0.0275394071264212
comp3078_c0_seq1	-0.96906706555852	0.195286979758272	13.8352640724772	0.000609188715177837	0.0276118001857171
comp11403_c0_seq1	-1.32813459899754	-2.256659713866	13.6326892737315	0.000612248892344961	0.0276118001857171
comp42424_c0_seq1	3.6315560864341	-0.140437918929606	14.6097323074889	0.000613017922064639	0.0276118001857171
comp8947_c0_seq1	0.551372477091388	1.2579009171211	13.6083217223579	0.000618328618517022	0.0277529397895651
comp927_c0_seq1	0.650106268460729	0.7008397507629	13.5895260020862	0.000623061571696496	0.0278672486119833
comp9254_c0_seq1	-1.40841432050962	1.89701515031522	14.3125807454328	0.000633854048533917	0.0281691492651676
comp6977_c0_seq1	0.809083254429711	-0.676167547780096	13.5407042564971	0.000635534450652062	0.0281691492651676
comp46191_c0_seq1	1.06179210516654	-0.680658300401339	13.5896844423512	0.000640294699986248	0.0281691492651676
comp5837_c0_seq1	-0.791917142659888	-1.23910908112897	13.5202863493893	0.000640828479348587	0.0281691492651676
comp36348_c0_seq1	-2.05875335480086	-3.43987778656057	13.5201620401904	0.000640860852506362	0.0281691492651676
comp21088_c0_seq1	-1.19635381957584	-2.48452360130752	13.4459673254826	0.000660493604703853	0.0289323435709966
comp10631_c0_seq1	-0.958348425044733	-1.41886206781419	13.3888760982135	0.00067603126178632	0.0295050681844532
comp11007_c0_seq1	-1.64242804871591	-2.82677266404832	13.3763912333035	0.00067948007966496	0.0295050681844532
comp4979_c0_seq1	-1.10106543868507	0.597347710157579	13.81203550697	0.000681007187228538	0.0295050681844532
comp45425_c0_seq1	-1.27244522939145	-2.10555664243663	13.3643390573957	0.000682826948647814	0.0295050681844532
comp46058_c0_seq1	-1.6034039802876	-3.45143668833142	13.3428708581319	0.000688831701309418	0.0296639787046998
comp8758_c0_seq1	-0.558987098089778	1.45191707618671	13.32584541011	0.000693633320569409	0.0296959729972097
comp36057_c0_seq1	-1.49742016764228	-3.32825212136425	13.3237245094333	0.000694233933723111	0.0296959729972097
comp1408_c0_seq1	0.917400518813906	0.707062674963696	13.3283933487212	0.000704189775877576	0.0299425542212355
comp421_c0_seq1	-0.702973932571144	0.160994084218268	13.2870856868667	0.000704696498499306	0.0299425542212355
comp26246_c0_seq1	-1.81124048052307	-2.76348725890388	13.3280632984987	0.00072463567032665	0.030687478038717
comp8658_c0_seq1	1.20150343820464	-1.84481158871096	13.1967675066665	0.000731203209282345	0.030791760469965
comp1798_c0_seq1	1.11753051578712	-2.40417332633733	13.1943420461226	0.00073192934983913	0.030791760469965
comp11391_c0_seq1	3.73867001314453	-1.97923193223246	14.0159231896841	0.000742156320657447	0.0310060514534273
comp17715_c0_seq1	1.0336703603444	-1.53815505646037	13.1555795690687	0.000743637779627403	0.0310060514534273
comp10208_c0_seq1	-0.829675920089625	-0.180113325862345	13.1533396209076	0.000744320369086746	0.0310060514534273
comp11444_c0_seq1	-0.808590683654091	-0.0865134999947346	13.1340369280097	0.00075022998080729	0.0311504285516304
comp6613_c0_seq1	-1.85121146569867	0.0572865824546207	14.008856729175	0.000754220517923911	0.0312144446168055
comp2080_c0_seq1	1.15135748455257	-1.55920698272162	13.1076690152613	0.000758382616579956	0.0312851236684295
comp14259_c0_seq1	0.611621283832114	0.267231057564642	13.0739278782257	0.000768951282861462	0.0316187806536615
comp820_c0_seq1	-0.645782138315473	1.83762580570296	13.0538489997098	0.000775314070785738	0.0316831115319132
comp1978_c0_seq1	1.08455939423458	-1.250272507188	13.0533062076015	0.000775486843803006	0.0316831115319132
comp6601_c0_seq1	1.71564675734097	-2.50290432397735	13.0652322150039	0.000780501366191417	0.0317861051592396
comp24243_c0_seq1	-1.3041796545615	-2.55582052615436	12.9877438898152	0.000796656832097247	0.0323407154100115
comp5662_c0_seq1	-0.669496443643043	0.580798215249525	12.9685832673503	0.000802958071176437	0.0324930366136065
comp2520_c0_seq1	-0.871289778273441	0.0754054416501249	12.9677889307374	0.000816763444556531	0.0329471000878547
comp3087_c0_seq1	-0.759960382011521	-1.5453098605633	12.903164937222	0.000824870374223436	0.0331691566568648
comp14603_c0_seq1	0.876232193825148	-1.32436947106199	12.893542290282	0.000828146309878447	0.0331961667044672
comp6213_c0_seq1	2.05112418109289	-3.28234744396966	12.8493992795827	0.000843350970617676	0.0335757853986927
comp11769_c0_seq1	-0.819297992681746	-0.186759228633823	12.8399321071586	0.000846649984697821	0.0335757853986927
comp1664_c0_seq1	0.801727864870342	-0.730261906465109	12.8382230795427	0.000847246974660695	0.0335757853986927
comp13007_c0_seq1	-0.736881335571826	-1.40283596632796	12.8356325465777	0.000848152733849458	0.0335757853986927
comp3694_c0_seq1	2.58332572638133	-0.015142231070364	13.6544668435695	0.000864560011372051	0.0341193389008035
comp60895_c0_seq1	-1.37819474853271	0.245633152227272	13.4883524555842	0.000867545814712912	0.0341315015436589
comp13575_c0_seq1	1.09836655807178	-1.30477527358274	12.7175852827001	0.000890528753822464	0.0349279077691537
comp42765_c0_seq1	-1.60725098874838	-2.5251103599778	12.8099367701788	0.000893509616911557	0.0349373223520602
comp6610_c0_seq1	1.1781479355424	-1.20960248264616	12.7288582374671	0.000919592109353803	0.0358472190150854
comp2839_c0_seq1	0.984376121739547	-1.02688029777851	12.6087325285975	0.000931583454633563	0.0361210743939732
comp84714_c0_seq1	-1.28950101597792	-1.08541708446499	13.0252628694722	0.000934868476446574	0.0361210743939732
comp15167_c0_seq1	2.4280665629255	-3.63783989756432	12.5995972900945	0.000935118423943763	0.0361210743939732
comp14949_c0_seq1	-0.632890028064466	0.319067800268519	12.5688841144127	0.000947107193609483	0.0364736416825984
comp8081_c0_seq1	1.19517852687876	-0.773756722444644	12.8143026190523	0.000950292941795221	0.0364860967742882
comp13072_c0_seq1	1.10562557295812	-1.18297250456393	12.5916982789791	0.000954022627374582	0.0365192985920234
comp3483_c0_seq1	-1.3678516793261	-2.79873319992478	12.531517244955	0.000961911978047936	0.0366356133202901
comp7846_c0_seq1	0.836826124700359	-0.511211559488738	12.5292718815973	0.000962809324727166	0.0366356133202901
comp4115_c0_seq1	0.742367184564392	-0.0572449332291372	12.5201949234738	0.000966445880328117	0.0366645405849479
comp19189_c0_seq1	-2.06932956906475	0.42060014455315	13.326251048896	0.000975416545726106	0.0368950584818121
comp393_c0_seq1	-0.661857288483384	3.46389052926082	12.4862875099355	0.000980158949847388	0.0369647518748658
comp3028_c0_seq1	-0.53819340715386	-0.236130374829095	12.4612153343672	0.000990430600637507	0.0370919750628368
comp26377_c0_seq1	0.709709806307498	-1.33128068709619	12.4578441193711	0.000991820359099228	0.0370919750628368
comp16558_c0_seq1	1.91334117115757	-3.26969785961329	12.4567738899245	0.000992261982931463	0.0370919750628368
comp20047_c0_seq1	1.29351713783365	-0.95906759919082	12.7303164466074	0.00100823134541966	0.0375787279534048
comp1285_c0_seq1	0.844200822881821	2.91908972401124	12.3571192199045	0.00103430591548962	0.0384381851450325
comp184_c0_seq1	-0.554020244750742	1.35011505603948	12.3419960877581	0.00104084862671325	0.0385666922195893
comp11515_c0_seq1	1.10426255638419	-0.505072979635088	12.5582888356007	0.00104492151937316	0.0385666922195893
comp1369_c0_seq1	1.51880665093685	-1.85556026242156	12.4954927380894	0.00105113108496225	0.0385666922195893
comp39082_c0_seq1	2.86952754465031	2.13256645321165	13.1285564629848	0.00105134894302242	0.0385666922195893
comp14395_c0_seq1	1.11081343726632	-2.4561775958615	12.3095247769031	0.00105504450082444	0.0385666922195893
comp871_c0_seq1	1.20078459911225	-1.9385574546238	12.3049032080815	0.00105708149842334	0.0385666922195893
comp17198_c0_seq1	-1.07039410068242	-2.25473704073525	12.2992917350122	0.00105956037897847	0.0385666922195893
comp65333_c0_seq1	0.982393290700894	-0.692910850678665	12.3238887438431	0.00106196822539232	0.0385666922195893
comp16959_c0_seq1	-1.22719833713888	-1.51814872747744	12.4767138201557	0.00107125123193494	0.0387932939019168
comp3806_c0_seq1	-0.669788235936569	0.451133533965783	12.2591743180251	0.00107746180196205	0.0389076645598023
comp14102_c0_seq1	0.964029460577681	-1.65775089453472	12.2499057873748	0.00108164281999031	0.0389483079842272
comp1797_c0_seq1	-0.876009010942973	-1.81734178983638	12.2350440117339	0.00108838267648431	0.0390458229831053
comp747_c0_seq1	0.689834278367765	4.36001909235556	12.2304451981907	0.00109047720891076	0.0390458229831053
comp10094_c0_seq1	-0.868190597504581	-1.50662283557036	12.1685273624636	0.00111909519486257	0.0399582813695046
comp6167_c0_seq1	2.31342656178155	-2.61593371648013	12.4022925512277	0.00112612789211807	0.0400970732984051
comp26174_c0_seq1	-1.71759670006205	-3.58203299066608	12.1032206165718	0.00115013912505583	0.0408379482648653
comp27676_c0_seq1	1.06024574504171	-1.82326227011642	12.0938540793998	0.00115466547139923	0.0408796529392243
comp17453_c0_seq1	-1.19257415578466	-2.22758620134217	12.0816554482654	0.0011605885926438	0.0408796529392243
comp3747_c0_seq1	-1.92048089110246	-2.90942552032328	12.2822914885974	0.00116374420384897	0.0408796529392243
comp3958_c0_seq1	-0.689038143002355	-0.384879174357628	12.0743693395511	0.0011641416817242	0.0408796529392243
comp3361_c0_seq1	0.900614554778774	-1.31106799511918	12.0588232781738	0.00117176115326961	0.0410341742327684
comp53080_c0_seq1	-0.701628655275939	4.51714333889742	12.0130027322561	0.00119452626059827	0.0416879614752914
comp14284_c0_seq1	0.94411809109212	-0.711337850638257	12.0081362000393	0.00119697135796318	0.0416879614752914
comp11874_c0_seq1	-1.2546689363459	-2.8268180162572	11.9948428266758	0.00120367729696933	0.0418072874781144
comp66025_c0_seq1	0.963503799027293	3.7834251535139	12.0814689342739	0.00120735268743602	0.0418209910509429
comp7611_c0_seq1	-0.841095062595413	0.0194337415444389	11.9946243424461	0.00122054790366899	0.0420659388439055
comp15394_c0_seq1	-0.751672896101401	-0.309727128269738	11.9571268809664	0.00122291990851604	0.0420659388439055
comp11867_c0_seq1	-0.706441914903366	-0.480271574973714	11.9503924375225	0.00122638980582322	0.0420659388439055
comp16239_c0_seq1	0.611060297258551	-0.359409618966775	11.9466405133362	0.00122832747279631	0.0420659388439055
comp16664_c0_seq1	1.13329239929497	-0.521910125977964	12.1898201127523	0.00123567027036803	0.0420659388439055
comp5027_c0_seq1	-1.17560814592947	-2.99400695261339	11.9258752821709	0.00123911013441561	0.0420659388439055
comp39872_c0_seq1	-1.74647417500053	-3.29653702502239	11.9242191913178	0.00123997437162506	0.0420659388439055
comp2068_c0_seq1	0.442042674464663	1.10277233485688	11.9191783430682	0.00124260887128691	0.0420659388439055
comp23935_c0_seq1	-1.44428596495663	-3.14739560492818	11.9162828549118	0.00124412480930041	0.0420659388439055
comp8002_c0_seq1	0.778853675207989	-1.69383465887117	11.9001231484427	0.00125262114371845	0.0421634998137071
comp21117_c0_seq1	-1.10161951993075	-1.89390897184784	11.889916421863	0.00125801907415864	0.0421634998137071
comp252_c0_seq1	1.39809429463013	-0.434177665374877	12.3895440136959	0.00126007835051032	0.0421634998137071
comp5284_c0_seq1	1.02441463964663	-1.52723251286923	11.8856252313197	0.00126029583320125	0.0421634998137071
comp8894_c0_seq1	1.90062236478817	-0.517021591426121	12.5684944649546	0.00126354882943721	0.0421634998137071
comp1696_c0_seq1	-0.627217084268376	-0.171675409910058	11.8697764088612	0.00126874240950128	0.0422262649971614
comp513_c0_seq1	2.82274284946698	-1.89750233158844	12.5349854734429	0.00127866680901416	0.0422766156247579
comp6429_c0_seq1	0.77909845344026	-1.66218221756818	11.8494873278624	0.00127964262983039	0.0422766156247579
comp6047_c0_seq1	0.976750127270752	-1.65379737195031	11.8484454397757	0.0012802050389234	0.0422766156247579
comp7563_c0_seq1	-1.76045132412022	-3.55966137649236	11.8023190953531	0.00130536704240433	0.042996159404465
comp150_c0_seq1	2.10883324693372	-1.74719043243211	12.2037115779037	0.00131582754953906	0.0432270803629837
comp25912_c0_seq1	0.941260005758787	-1.24087856898833	11.7752364290512	0.00132038324669232	0.0432270803629837
comp1808_c0_seq1	-0.835505983671792	4.37945945437901	11.771353074975	0.00132255129376039	0.0432270803629837
comp2875_c0_seq1	-1.79251379941849	-3.67346597446491	11.7372153457342	0.00134177249192398	0.0437431558940025
comp20964_c0_seq1	0.896476296198497	-1.57276856087374	11.7035471489803	0.00136101812423025	0.0442345094208132
comp5729_c0_seq1	-1.9503317983873	-3.75173108271482	11.6987488210414	0.0013637845926398	0.0442345094208132
comp23914_c0_seq1	-1.39925433633496	-2.16747269084193	11.8109548956616	0.00137116737846334	0.0442829880314047
comp2840_c0_seq1	0.709789819223844	-0.775878713923271	11.6841686665607	0.00137222721208165	0.0442829880314047
comp27815_c0_seq1	1.19290302055463	-2.31702798439578	11.674639984234	0.00137777455789826	0.0443497280038613
comp4615_c0_seq1	0.741398778447527	1.28611304812861	11.6601389641159	0.00138626210471583	0.0444349268914614
comp27_c0_seq1	-0.595675490767484	5.51112001195078	11.658213585653	0.00138739318292944	0.0444349268914614
comp2966_c0_seq1	-0.724604714883125	5.06731887583945	11.6475154659337	0.00139369563210026	0.0445249078255187
comp92607_c0_seq1	-1.32936794448079	-3.14225710408576	11.6404742847439	0.0013978601895992	0.0445463095920524
comp29651_c0_seq1	-1.51642961404149	-3.11221745721054	11.618005549793	0.00141123749443018	0.0448440754191815
comp2343_c0_seq1	-0.682830592322774	1.01507978944046	11.6075636521048	0.00141750023216871	0.0448440754191815
comp38709_c0_seq1	0.698834040253905	-0.885745422517266	11.6071347653603	0.00141775809162392	0.0448440754191815
comp11160_c0_seq1	0.83765183132747	-1.22440904934191	11.5986005184913	0.00142289943679043	0.0448952948533852
comp13703_c0_seq1	0.772983513404594	0.430421935622633	11.5731399669442	0.00143835501751944	0.0452708923662229
comp37002_c0_seq1	-1.33167532882972	-2.39724944530676	11.55407802605	0.00145472254704662	0.0456732716926188
comp4587_c0_seq1	-0.556325869440753	0.444513343754573	11.5336190747456	0.00146269760781684	0.0456864690753445
comp2624_c0_seq1	-0.57827313066527	-0.416093478654022	11.5279097352237	0.0014662500040141	0.0456864690753445
comp788_c0_seq1	-0.746023285183427	3.40609471243822	11.5222892830093	0.00146975598587604	0.0456864690753445
comp82280_c0_seq1	0.919353971467553	1.50025512832497	11.6362977719306	0.00147129893792232	0.0456864690753445
comp4737_c0_seq1	-0.638215537664266	-0.946715248027675	11.5170001528882	0.00147306337098663	0.0456864690753445
comp11842_c0_seq1	-0.79159167845355	-0.398593325376962	11.5085924870852	0.00147833700275243	0.0457387421701098
comp8988_c0_seq1	1.25954361420827	-1.40411833759452	11.6524391070288	0.00148948996192854	0.0459722240791843
comp1474_c0_seq1	0.799632393434986	-0.471480495143495	11.4754063451565	0.00149934799382565	0.0461647074330811
comp2207_c0_seq1	0.690532018891045	3.85762024521681	11.4643622039309	0.00150641000668524	0.0462703815788355
comp19994_c0_seq1	0.732560252843017	1.6367881143173	11.4497663891303	0.00151579696997734	0.0463459098799008
comp9720_c0_seq1	1.06218296002912	-2.39348646591227	11.4492338656264	0.0015161406150403	0.0463459098799008
comp5737_c0_seq1	-1.13488614939327	-2.33363162018347	11.4349113886394	0.00152541402020825	0.0465178289846759
comp10527_c0_seq1	3.25765956056149	-4.07432311120696	11.3980844719347	0.00154953428981557	0.04708146745121
comp16688_c0_seq1	0.791683312313113	-1.50762125962511	11.3954366766594	0.00155128393578946	0.04708146745121
comp12404_c0_seq1	1.00409526771908	-1.62327591476701	11.3711739351387	0.00156741401295758	0.0472900748152596
comp17309_c0_seq1	1.84250623636876	-3.25373115025529	11.3704644496788	0.00156788833991272	0.0472900748152596
comp6611_c0_seq1	-1.84389283393027	2.56403952054647	12.0538913029653	0.00156928702022867	0.0472900748152596
comp3704_c0_seq1	2.72551091982599	-2.76125920710479	11.7074060190458	0.00158588621847128	0.0476775745916355
comp26038_c0_seq1	2.50729260724501	1.55232539480653	12.0015426594057	0.0016077222755107	0.0481941280949068
comp6163_c0_seq1	0.825348181729468	1.66067927354049	11.3138730294986	0.0016106298398392	0.0481941280949068
comp3615_c0_seq1	1.13168151760907	-2.454744145204	11.2996783143601	0.00161598244839675	0.048241049811975
comp1819_c0_seq1	1.1384601139956	-0.950617103235412	11.4644772722578	0.0016300311743957	0.0485467462150047
comp17503_c0_seq1	0.983347948777567	-1.35653799120493	11.2298101156995	0.00166498204249398	0.049462912379872
comp3673_c0_seq1	-0.647849543526381	-0.727476707857079	11.211019058335	0.00167842635327753	0.049462912379872
comp4609_c0_seq1	0.785918561074416	0.788388883187624	11.2067762936206	0.00168147772241078	0.049462912379872
comp14940_c0_seq1	0.861689293311713	-0.860862994533417	11.2053131608167	0.00168253135543994	0.049462912379872
comp17458_c0_seq1	-1.37777768423075	-3.26072046390457	11.2023083464654	0.00168469737186431	0.049462912379872
comp19569_c0_seq1	-0.789031811719467	-1.06853632451909	11.1978630208274	0.00168790717848487	0.049462912379872
comp16425_c0_seq1	1.39391979031344	-3.06177501954421	11.1977963708969	0.00168795535304341	0.049462912379872
comp11482_c0_seq1	1.16502366001933	-2.60973119067968	11.1867561868863	0.00169595526170488	0.0495604448356389
comp1146_c0_seq1	-0.983251167073152	-1.95960234616879	11.1824866959087	0.00169905973116609	0.0495604448356389
comp130416_c0_seq1	-1.55590512855753	-3.10062957720553	11.1768281272045	0.00170318348517525	0.0495673056747236
