logFC	logCPM	F	PValue	FDR
comp23731_c0_seq1	-2.74914458259722	0.102172747658586	75.0032059264549	4.78913205803725e-11	6.10470663438008e-07
comp16321_c0_seq1	5.39361534590434	-1.89941700036336	57.6706838901334	1.59231316516564e-09	6.9729158674144e-06
comp21405_c0_seq1	-5.55980201436015	-1.09233592200691	68.3155025343071	1.6410722210907e-09	6.9729158674144e-06
comp431_c0_seq1	-2.6803823698696	2.7089069278962	44.2920224971344	7.56019911327116e-08	0.00014012573286764
comp10637_c0_seq1	3.47114055700541	-1.42171618505812	41.4638729226521	7.74507122303268e-08	0.00014012573286764
comp71828_c0_seq1	3.06768207080979	1.19352800530251	43.3393824716135	8.73944186300478e-08	0.00014012573286764
comp17217_c0_seq1	1.85036275409103	1.69741083826479	41.0009886150603	8.7492603240615e-08	0.00014012573286764
comp1408_c0_seq1	-2.07096550419548	0.707062674963696	41.1830497061549	9.04315795092241e-08	0.00014012573286764
comp71_c0_seq1	-2.32134028366935	2.88274056951005	41.5718284508211	9.89355609797409e-08	0.00014012573286764
comp12573_c0_seq1	-1.88999408143901	-1.57707761250131	39.5259497672202	1.29635744722008e-07	0.000165246683797143
comp4940_c0_seq1	-2.02970504244066	3.76485094809634	38.8687921312595	1.54816960557269e-07	0.000179404708747592
comp18009_c0_seq1	3.1614222218161	-1.24242498246484	38.272230455303	1.82121427557773e-07	0.000193458486423244
comp7363_c0_seq1	2.28900706536123	-1.09152786560649	37.6816121880306	2.14156861682724e-07	0.000209989039682283
comp7793_c0_seq1	4.16217741723657	-2.62812009723468	36.6810109926435	2.82606234141104e-07	0.000257312976185476
comp5500_c0_seq1	3.29616147102397	-0.963463505626317	35.8073642247963	4.14293575572549e-07	0.000315015141748255
comp1903_c0_seq1	-1.67885017290227	-0.453050917930878	35.3019097012038	4.16676967201415e-07	0.000315015141748255
comp4466_c0_seq1	2.81365765886493	-1.49820235662353	35.2729582726185	4.20119040536624e-07	0.000315015141748255
comp55499_c0_seq1	-1.56513244315385	1.61923216508571	35.0401342679306	4.48905776626199e-07	0.000317900107480787
comp16355_c0_seq1	-1.77473257490467	0.977033868065994	32.5993821366552	9.11075845529546e-07	0.000579916382299274
comp12560_c0_seq1	2.03327540244046	1.05063156250957	32.5426058689034	9.26148793381523e-07	0.000579916382299274
comp150_c0_seq1	-3.99165749762857	-1.74719043243211	35.0379050099793	9.9657575061002e-07	0.000579916382299274
comp42730_c0_seq1	-2.89644663705832	-2.16279802438686	32.4361157052004	1.00087553232792e-06	0.000579916382299274
comp14949_c0_seq1	1.52384654691682	0.319067800268519	31.3060052722449	1.33804712957203e-06	0.000720202880339973
comp42322_c0_seq1	-2.81780592293703	-2.94920767138936	31.1958451124078	1.38306150294422e-06	0.000720202880339973
comp14991_c0_seq1	-1.80289248823773	1.96896868878506	31.2302327776248	1.41249486220282e-06	0.000720202880339973
comp6489_c0_seq1	-1.78594334546651	-0.897729746533575	30.4207888166927	1.74817661763042e-06	0.000857077205574423
comp2740_c0_seq1	2.20580266572723	2.57646953249807	30.4020548265777	2.00941509114763e-06	0.000948667191365142
comp11444_c0_seq1	1.89967721697603	-0.0865134999947346	29.500700428706	2.31659342052928e-06	0.00105289708767977
comp98499_c0_seq1	-1.46660897770599	-0.643611565589035	29.3921987173968	2.39538836924087e-06	0.00105289708767977
comp13688_c0_seq1	2.14245081459126	-0.387043734013339	28.9767048055891	2.72405507888489e-06	0.00115745100301819
comp17081_c0_seq1	-3.24269604250061	-1.68592571490017	30.0707972154285	3.11737367628591e-06	0.00128184394360053
comp43811_c0_seq1	-1.29606470418921	0.680630463708072	27.8077089654877	3.92803807846777e-06	0.00156470941831965
comp8960_c0_seq1	1.33330077116245	0.405474788417181	27.4623567513587	4.38198584305531e-06	0.00169264162246745
comp12443_c0_seq1	1.48977092819364	-0.576315107203095	27.3111455251623	4.59774341179832e-06	0.00172374809618215
comp5568_c0_seq1	1.43892355878529	1.48311551001757	27.1649791132964	4.81690002369197e-06	0.00175431498862862
comp75036_c0_seq1	-1.57527509217565	2.15655496950572	26.5982754507354	5.77565849775467e-06	0.00204506441307997
comp25112_c0_seq1	-1.99016751218862	-0.789396507647707	26.9931925305657	6.08074095530314e-06	0.002094897431277
comp9470_c0_seq1	2.86312212754189	-2.24655873273242	26.1924026741744	6.58392946791316e-06	0.00217227521957871
comp21117_c0_seq1	2.82969192294531	-1.89390897184784	26.1020933287741	6.77939192083273e-06	0.00217227521957871
comp473_c0_seq1	-1.58018710017447	0.154354015194776	26.0852182928749	6.81658498338027e-06	0.00217227521957871
comp3505_c0_seq1	1.58414266503663	-0.87305342494173	25.6957925417711	7.73702515155911e-06	0.00239203395803598
comp11778_c0_seq1	-1.82657153402559	-1.37319028747132	25.5968652614895	7.9909972061754e-06	0.00239203395803598
comp16625_c0_seq1	-1.55429671227888	-1.97536179839714	25.5369388936788	8.14907941228277e-06	0.00239203395803598
comp9751_c0_seq1	-2.8316178273594	-2.28847438799706	25.6116957816799	8.25680506421772e-06	0.00239203395803598
comp2758_c0_seq1	-1.38054606365867	-1.088226957196	25.3369534093374	8.70077325023011e-06	0.00246463903601518
comp2666_c1_seq1	-3.77203625863572	-2.95632500432001	26.3659064709527	9.10694398188454e-06	0.0024818678571166
comp8945_c0_seq1	3.35501083751047	2.95022115775566	27.5674284921781	9.15099939471879e-06	0.0024818678571166
comp9971_c0_seq1	-2.54113925142715	-0.417303197016661	26.7406306461377	1.00176275128544e-05	0.00264030485094114
comp17122_c0_seq1	3.78747663802377	-2.21139802616808	25.2887136163285	1.01494420409599e-05	0.00264030485094114
comp1016_c0_seq1	-1.21889076339147	-0.679666170426818	24.7759936491174	1.04673961772357e-05	0.00266855798142448
comp2543_c0_seq1	1.62981266303554	1.23873983415799	24.6948706472354	1.07524554974202e-05	0.00268748137697284
comp4279_c0_seq1	1.58952574749095	-0.87246079761176	24.6317587990753	1.09798472361945e-05	0.00269154062922638
comp27815_c0_seq1	-2.09770534165503	-2.31702798439578	24.211334991467	1.26291901461546e-05	0.00303743937345346
comp187_c0_seq1	1.22386795246909	4.0632601935475	23.7992164121857	1.44995415289287e-05	0.00331609616832955
comp3853_c0_seq1	2.93982854075677	-1.1115769516216	24.6134875779492	1.45647656614727e-05	0.00331609616832955
comp530_c0_seq1	-2.678284524113	-3.06522739133825	23.7661591098027	1.46616449582102e-05	0.00331609616832955
comp1066_c0_seq1	1.35393324053421	1.26967956834251	23.7115061060451	1.4933827527481e-05	0.00331609616832955
comp24313_c0_seq1	2.81671227598452	-1.34626918460743	23.8898308325965	1.5287747945945e-05	0.00331609616832955
comp3673_c0_seq1	1.44319151637771	-0.727476707857079	23.6189582513361	1.54068803294157e-05	0.00331609616832955
comp3484_c0_seq1	-1.24872271463537	0.429121128953388	23.5803523440561	1.56088311053403e-05	0.00331609616832955
comp11266_c0_seq1	1.20760270979072	-0.827797267548718	23.5131938296068	1.59667830120949e-05	0.00333653414844547
comp42424_c0_seq1	-5.59564541599637	-0.140437918929606	26.1252218750548	1.65453846076634e-05	0.00340167770312719
comp14383_c0_seq1	4.30410309854125	-1.83799464761027	24.2820405126659	1.73130694644007e-05	0.00348764765836648
comp2112_c0_seq1	-1.30001045821091	-0.777534120760764	23.2004938318026	1.77504465868497e-05	0.00348764765836648
comp4689_c0_seq1	-2.42753588155481	-1.07686271826899	24.1686238411795	1.82702921252441e-05	0.00348764765836648
comp32189_c0_seq1	2.15785491181162	-2.17701102531306	23.1022775558722	1.83528555560259e-05	0.00348764765836648
comp17446_c0_seq1	-1.65140290775755	-0.638346007554432	23.0663233900799	1.85787065255672e-05	0.00348764765836648
comp8036_c0_seq1	-1.47647898179228	-1.05862272761204	23.0440919176922	1.8719812775542e-05	0.00348764765836648
comp15870_c0_seq1	3.20216860820122	-2.59788834288218	23.0192573815518	1.8878770567764e-05	0.00348764765836648
comp11869_c0_seq1	-1.31711601078321	-0.247569424957766	22.8895547940412	1.97322632281752e-05	0.00354334239323101
comp2225_c0_seq1	1.27443117372203	0.266595875568878	22.8633640909312	1.99094642867954e-05	0.00354334239323101
comp5678_c0_seq1	3.65584181066804	-2.31981406748456	22.8480026660391	2.00141721434559e-05	0.00354334239323101
comp2436_c0_seq1	1.94661986296232	-1.22579032109441	22.765455482732	2.05868106825916e-05	0.00359479555850679
comp35309_c0_seq1	-1.6975216550827	-0.775292194888141	22.6293000554339	2.15691770754129e-05	0.00366675012321253
comp167_c0_seq1	-1.30015156730415	1.23676318789715	22.6286214319778	2.15741946529332e-05	0.00366675012321253
comp9106_c0_seq1	1.23868859158726	-0.849239820784448	22.3614727011103	2.36477598684213e-05	0.00394629281432325
comp3648_c0_seq1	2.01887820572156	-1.12180137167824	22.3110329657509	2.40621803860648e-05	0.00394629281432325
comp19574_c0_seq1	1.41457348918072	-0.0281818684290351	22.3007366509116	2.41477084425523e-05	0.00394629281432325
comp42817_c0_seq1	-2.09968342669619	-0.503066259714966	23.4079552258459	2.50980016688233e-05	0.00404967376294292
comp18887_c0_seq1	-2.21253647179654	-2.42823402092044	22.0383393962251	2.64384617548968e-05	0.00421263839987087
comp42_c0_seq1	-4.12098425164074	1.7269689964069	24.3908969173537	2.68565022364569e-05	0.0042264177038039
comp2518_c0_seq1	-2.82545876087388	0.281108867278346	24.090066684236	2.73532830425528e-05	0.00425210120662707
comp7909_c0_seq1	1.43383618496927	-0.577220811431225	21.8908591207318	2.78249873126059e-05	0.00427331461775647
comp23379_c0_seq1	1.55709413167148	-1.3282419969233	21.8278639477385	2.84402813657107e-05	0.00431581269724661
comp1104_c0_seq1	1.47845689185121	-1.30257838209461	21.6959617458458	2.97752884120712e-05	0.00446524236927849
comp23616_c0_seq1	-1.36248544947247	-0.913003782284643	21.4688327306239	3.22303867608579e-05	0.00475309896961458
comp2640_c0_seq1	1.35861181469168	1.34993069116937	21.4184701624884	3.28029856011617e-05	0.00475309896961458
comp9441_c0_seq1	1.27106595613646	0.116208016764223	21.4151825692192	3.28407330405699e-05	0.00475309896961458
comp3322_c0_seq1	1.37181122624496	1.10862179078889	21.3852682473227	3.31863033102454e-05	0.00475309896961458
comp520_c0_seq1	-3.66477815050411	-3.10971860283322	21.4509112336168	3.41707572864203e-05	0.0048136750956684
comp2450_c0_seq1	-1.99021605928974	-2.8130551740579	21.2856782593436	3.43645119405213e-05	0.0048136750956684
comp14712_c0_seq1	-1.37223796850251	0.0662059099996216	21.2416069045565	3.48998291099106e-05	0.00483552306156555
comp5288_c0_seq1	1.93467993622244	-0.152629203860306	21.4303731600195	3.64277809899114e-05	0.00499295617503657
comp10867_c0_seq1	-3.25407885901516	-3.42906834521491	21.049627814828	3.73358103136038e-05	0.00503029302134437
comp6232_c0_seq1	1.70471040239313	-1.67349349161888	21.0050705920066	3.79262853041675e-05	0.00503029302134437
comp4504_c0_seq1	1.49302979076016	-1.04162834131567	20.9880781356069	3.81540432017151e-05	0.00503029302134437
comp14610_c0_seq1	-1.96622163360133	-2.15710195354515	20.9788237576214	3.82786869906962e-05	0.00503029302134437
comp1059_c0_seq1	-1.01621918622072	0.504820536971574	20.9157970955495	3.91390105213178e-05	0.00505812443405057
comp46056_c0_seq1	-1.16541751345279	0.81900678398191	20.8826968790415	3.95989337495098e-05	0.00505812443405057
comp8544_c0_seq1	-2.15672832007014	-1.08297187461295	21.4842481574123	3.96809008711898e-05	0.00505812443405057
comp14255_c0_seq1	-2.26452260902857	-2.44822603870094	20.838880831396	4.02164882799237e-05	0.00507563936736819
comp11085_c0_seq1	-1.48796038729997	0.978201882342351	20.8222544442892	4.21203386703397e-05	0.00525506426751009
comp4043_c0_seq1	-3.74990673066108	2.28747591180817	22.8169757627986	4.24626672592405e-05	0.00525506426751009
comp14971_c0_seq1	2.32446302645776	-1.81162141192121	20.6348745657832	4.32277409180367e-05	0.00529830782194436
comp2357_c0_seq1	1.76814941103502	1.68787625097738	20.8360719836873	4.45964596472895e-05	0.00541401020118095
comp4430_c0_seq1	-1.87801062028562	-2.11707660463585	20.4802335887954	4.56674754963444e-05	0.00548301564272034
comp2520_c0_seq1	1.70357780039267	0.0754054416501249	20.5530197000402	4.60251568032538e-05	0.00548301564272034
comp3160_c0_seq1	-1.20867245899442	-0.536492920206983	20.3859826045541	4.7224932746697e-05	0.00552277577355374
comp397_c0_seq1	-1.31218298287387	-1.07417713035067	20.3859530217964	4.72254302437717e-05	0.00552277577355374
comp62923_c0_seq1	-1.57741527390399	0.21089691580375	20.6802964510832	4.81385807599601e-05	0.00557838626315646
comp4979_c0_seq1	2.18354649315045	0.597347710157579	21.2655962980243	4.8605283483712e-05	0.00558172566276465
comp10952_c0_seq1	-1.43006241135128	-1.61978963721909	20.2629951278906	4.9341504553108e-05	0.00558183450713557
comp11479_c0_seq1	-2.02081742758169	-2.20192468055651	20.2550271473572	4.94820192442394e-05	0.00558183450713557
comp3001_c0_seq1	1.1296445982369	-0.541768076846129	20.1749639079314	5.09174552019997e-05	0.00568285435389895
comp8485_c0_seq1	-2.42866514522228	-0.143815344005644	21.6813611653024	5.15748322781986e-05	0.00568285435389895
comp6167_c0_seq1	-3.39575545091157	-2.61593371648013	20.7660829450643	5.17150000041012e-05	0.00568285435389895
comp66149_c0_seq1	-1.20344542994261	-0.779587604706603	20.0381677148704	5.34720416354893e-05	0.00578885848055996
comp2539_c0_seq1	-1.40917243330472	-1.3616417363617	20.0173412475297	5.38726067138255e-05	0.00578885848055996
comp5679_c0_seq1	1.32789298771902	-0.573091940230479	20.0085796844771	5.40420615977591e-05	0.00578885848055996
comp66885_c0_seq1	-1.34911952403473	1.16145966558026	19.9726268105001	5.47432935641605e-05	0.00581098537286872
comp3213_c0_seq1	1.64447193207405	-1.08969177468216	19.9514713490497	5.51603695078932e-05	0.00581098537286872
comp13098_c0_seq1	-3.54614881027839	-2.88644270798432	21.0169167615737	5.66098663938989e-05	0.00591480300756581
comp32772_c0_seq1	-1.52899692293886	-1.7417472779949	19.8040666003958	5.81605676454974e-05	0.00599914760288072
comp33620_c0_seq1	2.27317020348455	-1.77955180973968	19.7946296812084	5.83583825807806e-05	0.00599914760288072
comp6676_c0_seq1	-2.33878391590504	-2.64750890254046	19.7585264862629	5.91217117852118e-05	0.00602899568100876
comp99308_c0_seq1	-2.51893839930378	-2.73386882072974	19.7144584055113	6.00676648376249e-05	0.00606694904544219
comp14395_c0_seq1	-1.74323158086978	-2.4561775958615	19.6970463007425	6.04457934236415e-05	0.00606694904544219
comp19119_c0_seq1	2.3171657705972	-0.799191418635773	20.362866123705	6.10568928869276e-05	0.00607512611996752
comp1798_c0_seq1	-1.70285372426735	-2.40417332633733	19.6215747634848	6.21138728080669e-05	0.00607512611996752
comp14250_c0_seq1	3.52907602555412	-2.24030968087145	20.069775506818	6.24089431447671e-05	0.00607512611996752
comp10234_c0_seq1	1.5621683920285	-1.5849818850587	19.5633934316163	6.34327432057675e-05	0.00607512611996752
comp5689_c0_seq1	1.92422838663377	-1.78035062150805	19.5534316751557	6.3661489696999e-05	0.00607512611996752
comp7061_c0_seq1	-1.43102779061651	-1.61905884363013	19.5359850290721	6.40641956557074e-05	0.00607512611996752
comp50508_c0_seq1	2.42378705448233	-1.92996571048965	19.5268054602326	6.42771521740309e-05	0.00607512611996752
comp4613_c0_seq1	1.00649083709207	0.407976849896098	19.5232874924199	6.43589621714396e-05	0.00607512611996752
comp20490_c0_seq1	-2.10050678473008	-2.33320838419525	19.5036945991788	6.48165962434756e-05	0.00607512611996752
comp199_c2_seq1	-4.09041037313258	-3.33538903666005	19.4908718120707	6.76211895462042e-05	0.00629173213974792
comp2088_c0_seq1	-1.38835692131775	-1.67384545184151	19.2720026078288	7.04947586931985e-05	0.00641250643844486
comp18633_c0_seq1	-1.54052412012242	-1.17825004495283	19.2587505596885	7.08349212253511e-05	0.00641250643844486
comp247_c0_seq1	-1.20697057660815	2.95109564770209	19.2575144838937	7.08667373647333e-05	0.00641250643844486
comp17050_c0_seq1	2.90171006656277	-0.408796471525607	20.6089580600575	7.15452841343692e-05	0.00641250643844486
comp3454_c0_seq1	-2.81984756053583	-1.61342991481546	20.4437413474205	7.16230861012309e-05	0.00641250643844486
comp76211_c0_seq1	2.95406005922672	-1.68061041505198	20.0018906363327	7.1937586937916e-05	0.00641250643844486
comp8849_c0_seq1	-1.1086642338342	0.478339707841733	19.1219583684337	7.44485622560234e-05	0.00659024877137174
comp11391_c0_seq1	-5.0286349436907	-1.97923193223246	20.7587193095087	7.66082773645911e-05	0.00670373270039983
comp1383_c0_seq1	-1.87037616879266	-1.96768160267021	19.0372674733573	7.67823781484565e-05	0.00670373270039983
comp15167_c0_seq1	-3.51574988557421	-3.63783989756432	19.0107083220459	7.75299818322101e-05	0.00672295699602165
comp67884_c0_seq1	-1.21530207010318	8.20666222592343	18.9541447061148	7.91477465723768e-05	0.00681686706458167
comp2452_c0_seq1	4.73935693221653	-3.30445745989349	18.9327407814471	7.97691219075961e-05	0.00682427514735656
comp9014_c0_seq1	-1.702560860987	-1.89506261136785	18.7800953308272	8.43517345880122e-05	0.00715093753193192
comp4102_c0_seq1	-2.73160318348258	-1.36421375863535	19.8417953204856	8.47094663310363e-05	0.00715093753193192
comp50127_c0_seq1	-1.08534501307419	0.12651463721872	18.6785379968329	8.75530682899095e-05	0.00731553180852432
comp15058_c0_seq1	4.0553674045877	-1.54041984771881	19.734679652594	8.78070421828054e-05	0.00731553180852432
comp13187_c0_seq1	2.04419774913514	-1.35658072182369	18.6517233111209	8.84194391379638e-05	0.00731853878426191
comp250_c0_seq1	-1.56664817035882	-0.0124228913058182	18.8997019652702	8.91988028933192e-05	0.00731853878426191
comp13703_c0_seq1	1.47300909730661	0.430421935622633	18.5915794346299	9.03955539546424e-05	0.00731853878426191
comp6610_c0_seq1	-1.81244486798574	-1.20960248264616	18.7612388337043	9.07756970142312e-05	0.00731853878426191
comp3664_c0_seq1	-1.30660859969792	-0.821267840233699	18.5655481262131	9.1265175197621e-05	0.00731853878426191
comp8305_c0_seq1	-1.21202051332459	0.461722940738709	18.5561478385614	9.15813625935557e-05	0.00731853878426191
comp252_c0_seq1	-2.18961169907092	-0.434177665374877	19.7041338842801	9.19038067541914e-05	0.00731853878426191
comp2445_c0_seq1	1.44945892718223	1.0787840827361	18.5309018396934	9.2436239449766e-05	0.00731853878426191
comp28962_c0_seq1	3.7405503153228	-1.83194038058205	19.2418012267913	9.50802848416431e-05	0.00744831956476953
comp4486_c0_seq1	1.64235665342619	2.91550074613426	18.5499713180433	9.52440644118171e-05	0.00744831956476953
comp1087_c0_seq1	-3.61282770838968	-0.457627498038086	20.1309067605545	9.58436782489824e-05	0.00744950833316938
comp15368_c0_seq1	-2.18862383180785	-1.29922326690063	18.9787661094688	9.72555534225748e-05	0.007456248958675
comp17466_c0_seq1	-1.99646287200219	-1.73642786977743	18.4276374396449	9.73662992326665e-05	0.007456248958675
comp1197_c0_seq1	-2.04343740088278	-1.57721759889747	18.7145770705647	9.7685226021709e-05	0.007456248958675
comp8651_c0_seq1	-1.33300585581536	-0.891616457384724	18.3496710758927	9.88243542495147e-05	0.00747514424517096
comp3307_c0_seq1	-3.56312147012483	-3.89421927065615	18.3287920584406	9.9589532777984e-05	0.00747514424517096
comp86142_c0_seq1	-1.51065225561413	-0.663443927106959	18.3950632736797	9.96920468878216e-05	0.00747514424517096
comp1741_c0_seq1	-1.23022407719051	-0.751031444936742	18.247798450109	0.000102617171372217	0.00762827997811449
comp16857_c0_seq1	-2.51592918725074	-3.27605157179631	18.2395414100981	0.000102931211754585	0.00762827997811449
comp1808_c0_seq1	1.58512236613526	4.37945945437901	18.1961668239555	0.000104597532352297	0.00770696384332215
comp17134_c0_seq1	-1.33411128649719	-1.65874286121275	18.0375082588179	0.000110938020282512	0.00812716634793783
comp111784_c0_seq1	2.36782568696404	-2.14573115557679	17.9444991475263	0.000114841439484325	0.00836505045203826
comp4358_c0_seq1	-1.70462581194321	3.45738045673181	18.4034050484975	0.000116621774770898	0.00844646456252632
comp104854_c0_seq1	-2.0446270247378	-2.46689491569836	17.7915849439191	0.000121575566053918	0.00864562628931862
comp31532_c0_seq1	1.86504490125466	-0.46418613750794	18.1177929330406	0.000122165269983371	0.00864562628931862
comp49447_c0_seq1	-1.69680239616924	-0.488986623340269	18.2555968747727	0.000122251799270917	0.00864562628931862
comp30519_c0_seq1	-2.37349232707538	-0.178686929862841	19.0466291583819	0.000122895363296077	0.00864562628931862
comp5042_c0_seq1	1.28689836596361	-0.64043212659732	17.762164222141	0.000122918105952238	0.00864562628931862
comp11123_c0_seq1	1.4585668178192	-1.88378228097714	17.7458832211083	0.000123667730772769	0.00864562628931862
comp2832_c0_seq1	-1.30719348973806	-1.10421555823867	17.7361240759511	0.000124119370122014	0.00864562628931862
comp780_c0_seq1	-1.16713145417156	1.54110541856654	17.6111458485312	0.000130058778191954	0.00895560350262046
comp4371_c0_seq1	1.28590100011459	2.1778104293202	17.6051875349521	0.000130349287585837	0.00895560350262046
comp269_c0_seq1	1.4308112764037	2.20506217456107	17.5984788476551	0.00013067719867321	0.00895560350262046
comp11226_c0_seq1	3.13487157831627	-3.30053240296366	17.574650999348	0.000131848889759798	0.00898758180624676
comp4245_c0_seq1	1.22241512639208	0.508905329600652	17.558215174631	0.000132663517379819	0.00899500987255612
comp7551_c0_seq1	-1.06422146514945	-0.356302158624428	17.4601838607195	0.000137633416112327	0.00928260928668695
comp3704_c0_seq1	-3.88962255182082	-2.76125920710479	18.2018030976998	0.000141072572051206	0.00942883522420258
comp18810_c0_seq1	2.00123865251554	-2.06248265635312	17.3905741287099	0.000141280891803773	0.00942883522420258
comp11364_c0_seq1	1.08882828468069	0.869257647983768	17.2777590949097	0.000147409456886749	0.00978660597362179
comp9924_c0_seq1	-2.53402131796055	-3.41513726482039	17.2383454429564	0.00014961584886801	0.00987272148762575
comp2144_c0_seq1	0.91785659207937	1.30328346955977	17.227031643425	0.00015025558708711	0.00987272148762575
comp8929_c0_seq1	1.34252762985861	-1.72069198170718	17.088964674786	0.00015829821453802	0.0103001245917274
comp607_c0_seq1	-1.33606071865692	1.42904026692198	17.1417104980468	0.000158376435237983	0.0103001245917274
comp6927_c0_seq1	2.48447266864189	0.102588229153767	18.0135498508225	0.000169217682175803	0.0108470692612794
comp213_c0_seq1	-1.76568896453305	0.08371452446369	17.5965978046026	0.000169312159331604	0.0108470692612794
comp8894_c0_seq1	-2.83145622725189	-0.517021591426121	18.2483053248173	0.000169407804018279	0.0108470692612794
comp1485_c0_seq1	-2.23705271501643	0.081531650216044	18.0412952014438	0.00017019015080065	0.0108470692612794
comp1223_c0_seq1	-2.10922573908588	-0.595508896426821	17.8207611195067	0.000172017374561546	0.0109089824554031
comp629_c0_seq1	-2.57887917907511	-2.10017974645896	17.4019230433919	0.000173371948757554	0.0109404565881809
comp1440_c0_seq1	-1.03220167885537	0.473813670249468	16.8193006942731	0.000175338763745299	0.0110100651303514
comp721_c0_seq1	1.36357852291623	-1.03772069264271	16.7972316418759	0.000176816143472692	0.011031798811677
comp6626_c0_seq1	-1.83527635694235	-0.99080177438456	17.1873429325965	0.000177415764995197	0.011031798811677
comp2527_c0_seq1	-1.4372217972187	-0.355582599298922	16.8217014174685	0.000183089738230204	0.0113293441418466
comp9306_c0_seq1	-2.24172060343825	-1.47085471852168	17.3400381248722	0.000185285712296803	0.0114098404572335
comp8708_c0_seq1	1.85942131704936	-2.15931465553983	16.6370293042959	0.000187940532320057	0.0115176825263643
comp1942_c0_seq1	-0.957811172548935	1.10739016999066	16.6164335491751	0.000189423155880261	0.0115529998469172
comp27771_c0_seq1	-1.70811322931575	-2.57563655330244	16.5844964701741	0.000191746555092952	0.0116390158941422
comp1752_c0_seq1	0.931693840714256	-0.045670573153759	16.5320269581571	0.000195628904590218	0.0116852356013865
comp7707_c0_seq1	1.53219060024976	-0.327420355912392	16.5458565036957	0.000195695115518881	0.0116852356013865
comp9343_c0_seq1	1.26003271300074	-0.308844033873035	16.5281148051072	0.000195921663801248	0.0116852356013865
comp5837_c0_seq1	1.3230647048945	-1.23910908112897	16.5247368297362	0.000196174819070896	0.0116852356013865
comp1895_c0_seq1	-0.897645706339627	-0.52351817167777	16.5002170641038	0.000198022734153292	0.0117404455453582
comp2162_c0_seq1	-2.70901849536683	-3.0436165125607	16.4674941247453	0.000200517412650515	0.011833312310445
comp19536_c0_seq1	-1.75798719624122	-2.32107943941775	16.4521092278863	0.000201701692976396	0.011848347835807
comp14349_c0_seq1	1.3227817602524	-0.78281719472891	16.436859314161	0.000202882837440797	0.0118630620589809
comp19320_c0_seq1	1.51527699060183	-0.987230570524594	16.3678418110024	0.000208320010615178	0.0121253660973136
comp17578_c0_seq1	3.7608734094018	0.82735904979916	17.7039651991603	0.000210205919388556	0.0121795220656633
comp3263_c0_seq1	-1.07410353762288	-0.778198334959192	16.3155432779421	0.000212541932555908	0.0122266672779176
comp527_c0_seq1	-1.61869437711716	3.26631972502001	16.7322441290555	0.000212937956828878	0.0122266672779176
comp108538_c0_seq1	-1.33680291590692	3.23643236688954	16.2919345021506	0.00021565849963615	0.0123273493043139
comp16303_c0_seq1	1.32810839779649	-0.800908299497541	16.2396829029236	0.000218826431585601	0.012398540127248
comp3016_c0_seq1	-1.39448720058525	-1.34550692458636	16.2394115218284	0.000218849260895176	0.012398540127248
comp12458_c0_seq1	1.627220759191	-1.60694593312206	16.1740869434342	0.000224418022968943	0.0126348922427274
comp4559_c0_seq1	-2.9523727123792	-3.372505762981	16.1673173195028	0.000225003572534646	0.0126348922427274
comp4902_c0_seq1	4.72484728816827	1.99614022658405	17.4657644810723	0.000228756326159459	0.0127892846033097
comp189_c0_seq1	-2.62345391949706	0.518466048716456	17.3794855711984	0.000229948987421804	0.0127998242037805
comp2304_c0_seq1	-1.98546045619078	-1.57736752904921	16.3448950119896	0.000231627229128037	0.0128371838682395
comp8601_c0_seq1	-1.08253920417512	0.49556386982334	16.0687406569687	0.000233714441122362	0.0128967877964794
comp11933_c0_seq1	1.17620968344767	-1.10358562787358	16.0522503884905	0.000235205893122923	0.0128977475788337
comp2081_c0_seq1	-1.35704583733814	3.6674514512458	16.0780931369722	0.000235755486457068	0.0128977475788337
comp476_c0_seq1	-1.28992430706247	-0.0447701566557268	15.9996490020966	0.000240030599673614	0.0130755130514511
comp9731_c0_seq1	-1.92457580137909	-2.05817830004679	16.0119549844572	0.000241757535261796	0.0131135459658813
comp112467_c0_seq1	-1.43984627206437	-1.48068342050469	15.9612479233352	0.000243618442946305	0.0131584927637142
comp7107_c0_seq1	3.71856060665607	-3.26010638526828	15.9031676789839	0.000249152399513004	0.0134006145003893
comp5086_c0_seq1	3.29792317621215	-1.91881750159386	15.8640259411394	0.000252956278733409	0.0134836491819219
comp311_c0_seq1	-2.20731057578766	-0.109146453491543	16.8686430920401	0.000254079086997233	0.0134836491819219
comp7539_c0_seq1	1.11285580996258	-0.0846791388033168	15.8445495264168	0.000254871735308651	0.0134836491819219
comp2473_c0_seq1	1.45702680600861	0.831676687144036	15.936658549517	0.000255047025876878	0.0134836491819219
comp5613_c0_seq1	1.4869039358057	-1.43657292835822	15.8238076983772	0.000256928414298418	0.0134836491819219
comp6163_c0_seq1	-1.27305677199406	1.66067927354049	15.834607241233	0.000257042970989804	0.0134836491819219
comp13812_c0_seq1	-0.96643104343219	-0.633293815901418	15.7757892814152	0.000261756959158347	0.0136746555671781
comp10451_c0_seq1	0.885160401970909	0.298980279656815	15.650565296188	0.000274803144503695	0.0142976150326065
comp11855_c0_seq1	-1.32178713411324	-2.30628607661042	15.5832161050176	0.000282100786403739	0.0145669393910538
comp18847_c0_seq1	-1.12113496080867	-1.09115951038055	15.5817202623265	0.000282265162751258	0.0145669393910538
comp4384_c0_seq1	1.05258322984245	-0.728885036258142	15.549890361074	0.000285786882853454	0.0146844994440493
comp15383_c0_seq1	-1.56099649749967	-0.940693345461984	15.645217918884	0.000286847129643703	0.0146844994440493
comp15488_c0_seq1	1.8132201083022	-1.18538524753997	15.5578436067493	0.00029086119103912	0.0148304304087027
comp12715_c0_seq1	1.07504274400347	3.12970530133904	15.4727303337399	0.000294517096292988	0.0149570096671184
comp118387_c0_seq1	-1.22369853853775	0.356504205122061	15.4336858900691	0.00029904115928188	0.0151264986403418
comp5029_c0_seq1	-3.67220664003749	-2.37324920313649	16.3379963866199	0.000303375252356689	0.0152228375415863
comp5046_c0_seq1	2.17076994409504	-0.688079861916538	16.0349890226742	0.000305184415169637	0.0152228375415863
comp14424_c0_seq2	1.4800863094442	-1.98317461217415	15.3757070041244	0.000305894418434395	0.0152228375415863
comp11482_c0_seq1	-1.69521878248983	-2.60973119067968	15.3703033305893	0.000306541505141012	0.0152228375415863
comp3852_c0_seq1	-0.851800380429108	0.277104948346867	15.3644347222385	0.000307245897989954	0.0152228375415863
comp8654_c0_seq1	-0.982679588827484	-0.527771106660247	15.3488944457411	0.000309119386284151	0.0152228375415863
comp4400_c0_seq1	-1.47490164750992	-1.31890209498405	15.3473575545906	0.00030930532072416	0.0152228375415863
comp2275_c0_seq1	-1.46481809130592	0.0769618656395755	15.597606460046	0.000312146480379344	0.0153035814822904
comp3887_c0_seq1	2.50411299498903	0.622488532439783	16.2908015810843	0.000319227127100037	0.01559075934538
comp6758_c0_seq1	1.05958017827147	2.00985412891408	15.2506112904492	0.000321249726707221	0.0156296575051029
comp10631_c0_seq1	1.58314629114385	-1.41886206781419	15.2168933070827	0.00032552573719794	0.0157774774603123
comp9329_c0_seq1	-0.964828920924994	-1.1909416971098	15.1740193963564	0.000331049474284561	0.0159844229117625
comp3494_c0_seq1	3.23825779235178	-2.85793914591743	15.2349775837531	0.000333006584813582	0.0160182450438443
comp9742_c0_seq1	2.12906619759208	-0.97853142104451	15.655988341872	0.000336042909804299	0.0161035299672008
comp11582_c0_seq1	3.95408818673402	-3.20485641009791	15.107956699188	0.000339754528258743	0.0161678112598858
comp702_c0_seq1	1.15157234321705	0.599689888386747	15.1067105004936	0.000339921033784373	0.0161678112598858
comp14263_c0_seq1	-1.46186115858825	-2.43335568947662	15.070298340061	0.000344824164297271	0.0163400506405105
comp1297_c0_seq1	-2.25257974790044	-0.985889837442765	15.8168051894638	0.000348032932695447	0.0164310214558106
comp14902_c0_seq1	-0.835805768835272	-0.280728775421708	15.0263616041323	0.000350839719960533	0.0165024129532727
comp4640_c0_seq1	1.0556018678233	-0.176840346562331	14.9546782045212	0.000360892256318938	0.0169128440856526
comp27119_c0_seq1	-1.92850069541438	-3.16355274373591	14.9365592137663	0.000363480830947976	0.0169182241988449
comp3348_c0_seq1	0.893137519167869	1.63321325441175	14.9352995139316	0.000363661522749156	0.0169182241988449
comp3551_c0_seq1	1.08802926014752	-0.542682456884462	14.9101460982889	0.00036728938212979	0.0170248645600307
comp3846_c0_seq1	1.17537524596527	3.71432739145739	14.8886758564807	0.000370416128386011	0.0171075883642626
comp12606_c0_seq1	1.74561681290576	-2.56008090805547	14.7771917136321	0.000387107974844108	0.0178139543514002
comp10085_c0_seq1	-1.12654877983842	-0.922402613876691	14.7276668318637	0.000394775091837495	0.0181014319987502
comp17995_c0_seq1	-3.37941821333063	-3.53086596103251	14.7017880032856	0.00039884486335564	0.0182220172740436
comp6183_c0_seq1	-2.836746111491	-3.55566502645201	14.6928294506979	0.000400263970874105	0.0182220172740436
comp9539_c0_seq1	1.35243758273486	-1.14836750878962	14.6506608796294	0.0004070155108793	0.0184440370054589
comp1167_c0_seq1	-1.12212929181537	0.45427991491791	14.6363725850868	0.000409330269456464	0.0184440370054589
comp5569_c0_seq1	6.03755272035734	-3.72736725072218	15.0266234105239	0.000411123358284432	0.0184440370054589
comp1080_c0_seq1	-2.51943968052881	-0.495604621634123	15.6264509332818	0.000411248535939235	0.0184440370054589
comp7667_c0_seq1	-4.2139272038056	-3.97672349118863	14.6177042014307	0.000412375503769969	0.0184440370054589
comp128396_c0_seq1	-4.29661505616334	-2.75271133381773	15.5256799095778	0.000414339497153288	0.018467082413332
comp17965_c0_seq1	2.46216534631344	-1.85336065481623	14.625912430194	0.000416145047709679	0.0184829300458372
comp13240_c0_seq1	1.75102098446371	-2.07815360452204	14.5717747563806	0.000419969514934282	0.0185256687732365
comp350_c0_seq1	0.721280979911852	2.21686301894853	14.571508372391	0.000420013985680188	0.0185256687732365
comp48268_c0_seq1	-1.17993013644968	0.477505145375593	14.5577435975197	0.000422318662732803	0.0185630896339829
comp7787_c0_seq1	-1.58451870612823	-2.25075787298556	14.5159254133255	0.000429402363079029	0.0188095942342556
comp3889_c0_seq1	2.51149372711032	-0.0711061403405881	15.4283480159427	0.00043228337185964	0.0188709456886809
comp1252_c0_seq1	-0.895635811886755	-0.268928313416923	14.4424736369743	0.000442148822403725	0.019207307810833
comp4021_c0_seq1	-1.02883538603927	0.000515754025374284	14.4376360942439	0.000443002157086759	0.019207307810833
comp9741_c0_seq1	1.67077211732688	-1.72071824287259	14.4262938247885	0.000445009715528661	0.019228945233369
comp3856_c0_seq1	1.34794349654297	-0.841388458332183	14.4069705750435	0.000448451964392809	0.0193061287701
comp687_c0_seq1	-0.971324750310001	0.148478282078393	14.3919968758607	0.000451138642211414	0.0193061287701
comp6263_c0_seq1	-1.64787098458843	-2.91958516164502	14.3877743107807	0.000451899339155771	0.0193061287701
comp127455_c0_seq1	-1.08327664637731	2.38369976932521	14.3789128111716	0.000453500133052242	0.0193061287701
comp882_c0_seq1	-1.29121331627196	-1.11871470927716	14.3741181034642	0.000454368763711461	0.0193061287701
comp692_c0_seq1	-0.764556348973299	0.82935895175167	14.3411426123793	0.000460390368384267	0.019496996763436
comp19932_c0_seq1	1.69944767612857	-2.00898124376003	14.267900933399	0.000474067260990455	0.0200097197875673
comp8096_c0_seq1	-2.45731529746673	-3.26194157431551	14.2413704497164	0.00047912637362681	0.0201565144706962
comp5784_c0_seq1	-1.85570122243207	-2.39262428259969	14.2128214400293	0.000484633907448732	0.0203211461126611
comp3028_c0_seq1	0.839625663383829	-0.236130374829095	14.1905092564133	0.00048898462245593	0.0204363507621172
comp1930_c0_seq1	-1.67518038676849	-0.100686009037682	14.740110769966	0.000493447236702052	0.0205554638112453
comp8009_c0_seq1	1.17744801899159	-2.25886665420115	14.1370580714062	0.000499575222233301	0.0205936669612185
comp22786_c0_seq1	1.07170964506186	-0.154177222358069	14.1279963562016	0.000501394470730456	0.0205936669612185
comp108947_c0_seq1	-2.08484377275685	-3.02427201260378	14.1250949003235	0.000501978445272674	0.0205936669612185
comp1043_c0_seq1	1.35520797125828	-1.30405446804211	14.1247570115077	0.000502046498493578	0.0205936669612185
comp100748_c0_seq1	-1.18226927007412	0.157371645922059	14.1211647344069	0.000502770609310635	0.0205936669612185
comp27676_c0_seq1	-1.47030312878443	-1.82326227011642	14.1127906453746	0.000504462880935695	0.0205936669612185
comp18273_c0_seq1	1.11680698024898	-1.02463905075154	14.1054103778772	0.000505959285952844	0.0205936669612185
comp259_c0_seq1	-2.08397865671617	-0.695300219813727	14.8962958051874	0.000508037952606922	0.0205936669612185
comp6_c0_seq1	0.842922139800097	5.2990800608042	14.0909516609291	0.000508904455384311	0.0205936669612185
comp10312_c0_seq1	0.952469093871694	-0.54488502592257	14.0686256964015	0.000513487631087564	0.0206515609617704
comp10919_c0_seq1	1.2276495883898	-0.504080647329516	14.0682005016026	0.000513575337324956	0.0206515609617704
comp12171_c0_seq1	1.42440717440717	-2.13916118998451	14.0195308813596	0.00052371949340104	0.0209517355778502
comp463_c0_seq1	-7.7166278154335	-2.92518260132507	16.0991546508364	0.000524327578985975	0.0209517355778502
comp3688_c0_seq1	-1.03398518304164	-1.49250220630094	14.0048634815888	0.000526817784854699	0.0209645351576367
comp16282_c0_seq1	1.39731604138614	-1.43621829313152	13.9995863409492	0.000527937223315398	0.0209645351576367
comp513_c0_seq1	-3.60281400875725	-1.89750233158844	14.9052464148282	0.000533501100304372	0.0211196848620492
comp361_c0_seq1	-5.53561583904656	-1.10658412626897	14.9512306633694	0.000542900702928064	0.0213650763340091
comp3847_c0_seq1	-1.80038983674294	-2.78233997797365	13.9266411570131	0.000543670143528578	0.0213650763340091
comp5948_c0_seq1	-2.33840876086974	-2.39373255765384	14.1192404170282	0.000544728156315443	0.0213650763340091
comp4758_c0_seq1	1.24626547179715	1.63854744154574	13.874827764831	0.000555144568496973	0.0217068337872114
comp23161_c0_seq1	-1.62754112863221	0.12765421709558	14.4072651929636	0.000559638862579685	0.0217592607119373
comp3775_c0_seq1	-1.22093258894404	-0.0560125176060029	13.865692773501	0.000560313848562355	0.0217592607119373
comp524_c0_seq1	-1.1606102320255	-0.431663245497865	13.8461428143353	0.000561606399484379	0.0217592607119373
comp11935_c0_seq1	-1.06705251781322	-0.403447696354917	13.8376450767701	0.000563535839623171	0.0217678525687169
comp42781_c0_seq1	-1.56757716283647	-1.32508818068841	13.8409517819304	0.000568917698354283	0.0218669056150064
comp6585_c0_seq1	-2.34209565997986	-3.10481180377676	13.8114346386227	0.000569531079013269	0.0218669056150064
comp11233_c0_seq1	2.66112137753503	-1.11536191502565	14.44720199567	0.000577098247281331	0.0220909049792647
comp61185_c0_seq1	2.73984404538815	-0.136008533835264	14.6419416641313	0.000581384357405047	0.0221883425264735
comp6590_c0_seq1	1.70570560844325	-1.29569020869129	13.7195226991946	0.000592591162425063	0.0225485359624844
comp2662_c0_seq1	-1.37584426467902	-2.51299156497517	13.6970150582804	0.000596499921223928	0.0226076131924023
comp3751_c0_seq1	-1.89601651400084	-3.00354320683556	13.6920885120709	0.000597690879880724	0.0226076131924023
comp83494_c0_seq1	4.551904764236	0.177782127196346	14.6648075762458	0.000601044303639408	0.0226671944925785
comp6041_c0_seq1	-0.693496490528258	1.06252223541071	13.6546666428338	0.000606819482188154	0.0227889922632709
comp14739_c0_seq1	-1.33057797432479	-2.52298142755175	13.6401141763418	0.000610408906126994	0.0227889922632709
comp26054_c0_seq1	1.59287951409607	-2.43606428121581	13.6314315933532	0.000612561139497641	0.0227889922632709
comp89149_c0_seq1	-1.65475749681922	2.42870885361786	14.1382578083572	0.000613060996273252	0.0227889922632709
comp1538_c0_seq1	0.904213419783152	2.34785220513696	13.628808736524	0.000613212861559732	0.0227889922632709
comp8962_c0_seq1	1.80553982896225	-2.26557025487517	13.5974939544304	0.000621050520304336	0.022975088406
comp12901_c0_seq1	-1.04082764547652	-0.0943928029190649	13.594421498239	0.000621825174556366	0.022975088406
comp15785_c0_seq1	-2.30831812256033	-2.19369185659583	13.6125147321226	0.000635805263238543	0.0234237274291957
comp4053_c0_seq1	0.812957020557693	1.73920146679502	13.5312863012998	0.000637970628169204	0.0234357682918526
comp11986_c1_seq1	-1.80653836583827	-1.47144793405961	13.8234706004993	0.000647073803289532	0.0237018671567002
comp1121_c0_seq1	1.03487977380148	-0.70582637962642	13.4880049860984	0.000649293446310633	0.0237150245275692
comp7643_c0_seq1	-0.954065544309576	-1.05654473122036	13.4702887991183	0.000653989022833808	0.0237567906020209
comp2301_c0_seq1	1.55521027243879	-1.81470410902857	13.4696297372989	0.000654164391724275	0.0237567906020209
comp16818_c0_seq1	1.51839917665358	-1.99822942610956	13.4623056440889	0.000656116585673985	0.0237599946522338
comp33999_c0_seq1	2.23961263282467	-3.09911228430641	13.4506834452417	0.00065922701361514	0.0237607879045465
comp3598_c0_seq1	-1.1032851397094	0.78209371969432	13.4372599440303	0.000662838851345154	0.0237607879045465
comp13546_c0_seq1	1.7636175610589	-0.65798817577012	13.7285409746748	0.00066357981046048	0.0237607879045465
comp2553_c0_seq1	2.02756658648373	0.940985387282696	14.1135219795844	0.000664599653578912	0.0237607879045465
comp50019_c0_seq1	1.85106903196809	-2.47027385743805	13.4254936259148	0.000666021929899716	0.0237607879045465
comp16959_c0_seq1	2.05014755941196	-1.51814872747744	13.6588421694903	0.000667931292535379	0.0237607879045465
comp3279_c0_seq1	-4.70749959573079	-2.0393618091817	14.3382634878358	0.000669186699437687	0.0237607879045465
comp11316_c0_seq1	-0.968520051478353	0.739396589993199	13.3899104475158	0.000675746361186474	0.0239270524056777
comp13777_c0_seq1	-0.996659046850691	-0.812245608663353	13.3756285488623	0.000679691363056974	0.0240000714816821
comp19163_c0_seq1	1.38058695914083	-2.1079006064358	13.3465696318203	0.000687793186154352	0.0242190600660484
comp1296_c0_seq1	-0.810494811883109	0.532527842386343	13.2912906327335	0.000703487347171828	0.0247034523812653
comp7023_c0_seq1	-1.04851145382225	-0.78425062493784	13.2621424087521	0.0007119141904041	0.0249306873216513
comp20020_c0_seq1	-1.34835540173609	-1.12551856468833	13.2356098242297	0.000719677281306088	0.0249771893883018
comp4104_c0_seq1	-0.98446864325874	-0.733182205889774	13.2309116687192	0.000721061165429527	0.0249771893883018
comp114201_c0_seq1	-2.02000579871639	-1.67370899388095	13.6076391271835	0.000722803999939414	0.0249771893883018
comp10527_c0_seq1	-4.03368817104064	-4.07432311120696	13.2248917122882	0.000722838494996898	0.0249771893883018
comp3392_c0_seq1	1.68393423310425	-2.19533599595463	13.2242123040357	0.000723039372737379	0.0249771893883018
comp7276_c0_seq1	1.90351837316296	-2.00140940330047	13.1975622118706	0.000730965453453096	0.0251827476626125
comp122805_c0_seq1	-1.42107736486301	-1.31313850228577	13.1902027690327	0.000735630785295055	0.0252751633966471
comp1272_c0_seq1	-3.62113028412513	-1.41409167074104	14.0349088166783	0.000747004019764625	0.0255969361288701
comp82280_c0_seq1	-1.27671737385038	1.50025512832497	13.2775214758753	0.000751740549613042	0.0256835411084222
comp12871_c0_seq1	1.13687929509593	-1.38100065542904	13.1232266028682	0.0007535611810269	0.0256835411084222
comp1259_c0_seq1	-1.21881746826366	-1.95413868220725	13.0963811130426	0.000761901170069011	0.0258538412145407
comp2306_c0_seq1	1.16017002300426	-1.11438539309917	13.0932667695485	0.000762874965607823	0.0258538412145407
comp75674_c0_seq1	-0.981226377374009	4.59391835087416	13.0855222689732	0.000765302209677809	0.0258538412145407
comp13858_c0_seq1	0.995914263149712	1.44347809954105	13.0763860407412	0.000768176103750415	0.0258538412145407
comp68330_c0_seq1	-1.11658334702979	-1.93101835492531	13.0747276859717	0.000768698973900597	0.0258538412145407
comp23150_c0_seq1	-1.61623657200167	-2.28887015979347	13.0624551046044	0.00077258012187595	0.0259102445328299
comp25348_c0_seq1	-1.34507432219208	-2.15117142392692	13.0546496134339	0.000775059306057493	0.0259102445328299
comp58672_c0_seq1	-1.61993355402384	3.28611202319438	13.5349199303677	0.000776918232014929	0.0259102445328299
comp184_c0_seq1	0.833769391374482	1.35011505603948	13.0438397021599	0.0007785066020298	0.0259102445328299
comp9919_c0_seq1	0.961153059874562	-0.856533633229215	13.0233713505797	0.000785078302357096	0.0260609195837133
comp131716_c0_seq1	-1.19865409356159	0.571505437099262	13.0490882416336	0.00078755156777782	0.0260751164531529
comp17595_c0_seq1	-2.42401424800182	-2.77867298010249	12.981789266009	0.000798609496472027	0.0263727338122511
comp34556_c0_seq1	1.69552413374342	-1.18455026734536	13.0041671292018	0.000802261585951231	0.0264248796798975
comp10101_c0_seq1	1.6077763589434	-1.97834312820779	12.9547419937537	0.000807542614407091	0.0265302724377505
comp2572_c0_seq1	-1.56313079173249	-1.76957725195755	12.9442982179857	0.000811020076222221	0.0265430471225948
comp343_c0_seq1	0.889169851249476	0.151485290926385	12.9371473540502	0.000813410192926058	0.0265430471225948
comp1819_c0_seq1	-1.54563417839348	-0.950617103235412	13.1704841207843	0.000815139485942432	0.0265430471225948
comp4961_c0_seq1	-2.189713717676	-1.20193479671398	13.5942338611288	0.000816260647372493	0.0265430471225948
comp5125_c0_seq1	0.951175976795977	0.669478350967472	12.908279653129	0.000823134678198946	0.02663624776775
comp8658_c0_seq1	-1.52151357971143	-1.84481158871096	12.9068498802806	0.000823619488664655	0.02663624776775
comp32661_c0_seq1	3.45905009705206	1.03080295249267	13.7789655257676	0.000825395612164527	0.02663624776775
comp8884_c0_seq1	-1.3880339408273	-2.19657153613801	12.8838596322292	0.000831456512181777	0.0267640812140937
comp5695_c0_seq1	-1.38102825933627	-2.25043891723995	12.8546592293334	0.000841523896841683	0.0270199121235288
comp897_c0_seq1	-0.942429533029064	-0.29134624758091	12.8366899663737	0.000847782892303566	0.0271152312488672
comp127290_c0_seq1	2.0467985709574	-1.26515262550471	13.1479149443402	0.000848746941892054	0.0271152312488672
comp24626_c0_seq1	-1.23885324658875	-1.95213482859186	12.8111097875683	0.00085677762641693	0.0273033610098415
comp1339_c0_seq1	-1.85511229264649	-2.20517265276445	12.790376621436	0.000864141762759639	0.0274693642142073
comp1679_c0_seq1	-1.88292210849136	-0.467270170313778	13.4023691377135	0.000869678085860574	0.0275047123307546
comp23486_c0_seq1	1.19772206817573	0.203441658362596	12.7680693519886	0.000872139519897067	0.0275047123307546
comp11756_c0_seq1	-2.10875777981054	-2.1674049531365	12.8967754075398	0.000873764343127708	0.0275047123307546
comp3975_c0_seq1	2.09232213441415	-2.56906483821949	12.7632303100094	0.000873884717498674	0.0275047123307546
comp9049_c0_seq1	-0.820500744607391	0.399079760342428	12.7465526298007	0.000879927758294882	0.02762669737681
comp27162_c0_seq1	2.01765435811898	-2.95663389961579	12.7384250037104	0.000882888687634989	0.0276515530744059
comp4062_c0_seq1	-1.07537754561286	-0.696799226436526	12.7145413755957	0.000891650499854525	0.0278575218667785
comp31148_c0_seq1	-0.834880872528893	9.44533368428575	12.707301044349	0.000894324705816759	0.0278727555624602
comp15849_c0_seq1	3.04256808917627	-3.32903275369748	12.6913681582414	0.000900239296776972	0.0279886593073563
comp5981_c0_seq1	5.6547978484321	-0.941553039219023	13.533948867339	0.000902640185871603	0.0279950229910105
comp12157_c0_seq1	-1.11939155050537	-0.893466706435553	12.6731277536921	0.000907061116808652	0.028063854504757
comp3934_c0_seq1	2.04552858579253	-1.88308285676799	12.7529186894992	0.000913577835120113	0.0281970379280293
comp342_c0_seq1	-2.50765055567549	-3.33497664640982	12.6369721951045	0.000920744604637252	0.0283284875172002
comp6611_c0_seq1	3.24579707541853	2.56403952054647	13.4640627679872	0.000923888752283067	0.0283284875172002
comp14400_c0_seq1	-2.47013822253634	-3.50040733159916	12.6271382734696	0.000924503868138015	0.0283284875172002
comp3238_c0_seq1	-1.0934814926017	-1.74763530537823	12.5771427939496	0.000943867613806572	0.028790831041084
comp8211_c0_seq1	1.88099126341466	-2.56533483521885	12.5765244041673	0.000944109780746302	0.028790831041084
comp458_c0_seq1	0.807083986358387	1.5773774821571	12.5564444430723	0.000952008958258934	0.0289462291848706
comp17133_c0_seq1	1.29661816585382	-1.17381443017945	12.5441624528046	0.000956874823283511	0.0289462291848706
comp21828_c0_seq1	-2.04265812739622	-0.748067525569854	13.1779654306183	0.000957264184712903	0.0289462291848706
comp2432_c0_seq1	-1.24787534080845	-1.54535249380846	12.5406054827704	0.000958288908450255	0.0289462291848706
comp14179_c0_seq1	1.33166203716242	-1.61028971497646	12.5080140266812	0.000971348745812079	0.0292209882606671
comp26273_c0_seq1	1.42302524725835	-2.28954890409847	12.5064756806629	0.000971969798581851	0.0292209882606671
comp5329_c0_seq1	2.1042242973426	-2.1391505837673	12.5015297156474	0.000976107867843052	0.0292763458621068
comp722_c0_seq1	0.902570222244748	3.50740528362612	12.4829236150487	0.000981530535865693	0.0293698820203756
comp3296_c0_seq1	-0.833308618692286	-0.271239201897462	12.470211859977	0.000986731886020204	0.0294563731875867
comp81607_c0_seq1	-2.10832493157284	-3.01185645964339	12.4590964626707	0.000991303850063778	0.0295237153662686
comp1684_c0_seq1	0.970843955735212	1.5396600468091	12.4406069352049	0.000998958450065475	0.029682338841456
comp1369_c0_seq1	-1.91313162602765	-1.85556026242156	12.6135330881385	0.00100196124973341	0.0297023256984925
comp19569_c0_seq1	1.25031198604392	-1.06853632451909	12.4151637738169	0.00100959382033746	0.0298591471643656
comp4737_c0_seq1	0.981124849949214	-0.946715248027675	12.4005361341967	0.00101576221356338	0.0299601879756631
comp15601_c0_seq1	2.10353178854582	-2.95669127162553	12.3959343977684	0.00101771094323858	0.0299601879756631
comp12607_c0_seq1	1.52684708318661	-2.53595243924745	12.3756142301374	0.00102636330220862	0.0301452834406757
comp3178_c0_seq1	0.917175472224126	-0.38590190257731	12.3538778057447	0.00103570458761763	0.030300466131871
comp1977_c0_seq1	0.856256955228587	-0.778656817442668	12.3522656512796	0.00103640097540565	0.030300466131871
comp23067_c0_seq1	1.07879011168141	-0.0816599022746926	12.3392603583208	0.00104203683562334	0.0303955229832739
comp12445_c0_seq1	-2.81949964185754	-3.56423807577745	12.3231625881137	0.00104905759669237	0.0304742080692441
comp21057_c0_seq1	-1.21277873928106	-1.40368965477772	12.3221160330882	0.00104951575605226	0.0304742080692441
comp10817_c0_seq1	3.73607010940029	-2.10118927655556	12.8895316645911	0.00105606879173147	0.030515342747393
comp1432_c0_seq1	-1.23177601402432	-0.431886493084089	12.3341988905691	0.00105742795372495	0.030515342747393
comp54_c0_seq1	-4.00788157965577	-3.28864338547504	12.6451784397595	0.00105811418328608	0.030515342747393
comp1302_c0_seq1	-0.932958521910939	-0.388658098042186	12.2677892707954	0.00107359088634555	0.0308385402063184
comp5147_c0_seq1	0.979241446104338	-1.05938242967976	12.2665216143861	0.0010741595553154	0.0308385402063184
comp25406_c0_seq1	-1.96012909102248	-3.10931352653142	12.2588597520027	0.00107760342251218	0.0308678894983434
comp2909_c0_seq1	1.21164597994845	-1.11265881727331	12.2494259552501	0.00108185973649596	0.0308881487974147
comp1651_c0_seq1	0.956447898514024	0.228630574191598	12.2375480842135	0.00108724397879177	0.0308881487974147
comp37431_c0_seq1	1.73830245859367	-0.989797384554121	12.4397534184296	0.00108741801987481	0.0308881487974147
comp1474_c0_seq1	-1.0795865824083	-0.471480495143495	12.2358778506411	0.00108800335844035	0.0308881487974147
comp7084_c0_seq1	1.10357844101799	-1.18923701926041	12.2226267315166	0.00109404789268977	0.0309461786690326
comp14603_c0_seq1	-1.11828355751004	-1.32436947106199	12.2146635890221	0.0010976973214631	0.0309461786690326
comp469_c0_seq1	-1.29413252049205	6.3895512279873	12.2529303051889	0.00109897810856524	0.0309461786690326
comp8350_c0_seq1	1.34209678054448	-0.789358691027046	12.2101788243531	0.00109975829113295	0.0309461786690326
comp26959_c0_seq1	3.118304721049	-1.83993819437516	12.7638623429052	0.00110967785009789	0.0311565276546206
comp4372_c0_seq1	-1.01946896525667	-1.0195374832651	12.1580503227574	0.00112401541365637	0.0314866716378141
comp9955_c0_seq1	1.13053162407293	-0.252999633095028	12.1484436284526	0.00112854694583341	0.0314866716378141
comp3221_c0_seq1	0.924842637347532	-0.0789702884613114	12.1478095855391	0.00112884670420342	0.0314866716378141
comp15026_c0_seq1	4.29387131589759	2.82609217076	12.9248346178034	0.00113370441495047	0.031553122658021
comp9249_c0_seq1	1.30248906510899	-2.07490738415792	12.1176168670205	0.00114321862303571	0.0317486008449591
comp6381_c0_seq1	1.10729211000809	-0.977415653241255	12.1116059951481	0.00114610278929772	0.0317595049025608
comp23142_c0_seq1	3.18447353532466	-2.84032812149974	12.2390135726539	0.00115871814406208	0.0319809582795985
comp3921_c0_seq1	1.29872861214616	-1.70104166811927	12.0796386566657	0.00116157094024754	0.0319809582795985
comp29347_c0_seq1	1.7547079037418	-2.30834351204078	12.0795358023098	0.00116162106248169	0.0319809582795985
comp3694_c0_seq1	-2.99000901485338	-0.015142231070364	12.8422112728658	0.00116793182868599	0.0320395496077898
comp3110_c0_seq1	6.45817540835757	-1.6629801718207	13.1402954271569	0.00116877622716108	0.0320395496077898
comp15300_c0_seq1	-1.31151535602152	-1.85302710126821	12.0578791152402	0.00117222559901635	0.0320651495936941
comp326_c0_seq1	-2.24202102373699	-1.55446276147911	12.589915365031	0.00118516339468879	0.0323496312464625
comp130301_c0_seq1	-3.07178851775425	-3.51457575087208	12.034491644675	0.00118903055632813	0.0323858386784502
comp1993_c0_seq1	-1.04688467033587	-0.488245547211268	11.9971892348009	0.00120249076139647	0.0325531535308955
comp42991_c0_seq1	1.6259876304015	-1.49424147646401	12.0049922839105	0.00120266289938839	0.0325531535308955
comp31066_c0_seq1	2.5847665845983	-0.884344445046466	12.6285112997416	0.00120283480921407	0.0325531535308955
comp13284_c0_seq1	-1.50716390611105	-0.397094616946532	12.3162666438134	0.0012105356280825	0.0326921560406094
comp69300_c0_seq1	-1.0833234956204	3.77149978665472	11.9701897378641	0.00121621880128144	0.0327749794038303
comp3696_c0_seq1	-1.16193941997168	0.0798554255220385	11.9756743654543	0.00121874482132389	0.0327749794038303
comp34719_c0_seq1	-1.60860170659246	-3.02111748963059	11.9568568183927	0.00122305885783088	0.0328217500226743
comp6957_c0_seq1	-1.18045746179946	0.0463848212523931	12.0019580870103	0.00123835033126561	0.0330643569707384
comp31744_c0_seq1	1.57337115019672	-1.00238350104755	11.9775364843748	0.0012397651270269	0.0330643569707384
comp2299_c0_seq1	0.655829008757766	1.89573883038956	11.9243981270209	0.00123988096273735	0.0330643569707384
comp10892_c0_seq1	3.49171331454155	-3.66020319827592	11.9149637553468	0.0012448160727383	0.0331266607081319
comp4899_c0_seq1	1.74413208146203	-2.11716719409912	11.9009585481878	0.00125218041683006	0.0332532161944434
comp10845_c0_seq1	2.35114363621229	-2.20489818461008	11.9773159689607	0.00125905835453516	0.0333663551876501
comp11953_c0_seq1	0.887372774845195	0.25554302380793	11.8796529246778	0.00126347176982554	0.0334138478215066
comp8002_c0_seq1	-1.02697376706451	-1.69383465887117	11.8738729902971	0.0012665534448053	0.0334234798363062
comp8624_c0_seq1	-1.14323408016137	-1.74959785167391	11.8688261682588	0.00126925073027946	0.0334234798363062
comp5757_c0_seq1	0.906105472441926	-0.89191417841975	11.8642491199742	0.00127170218252204	0.0334234798363062
comp15_c0_seq1	-0.865694455783157	0.459214145723459	11.8519856592698	0.00127829509680907	0.0335276288045785
comp10131_c0_seq1	-1.98128673095728	-2.9815151810937	11.838212787708	0.00128574247653819	0.0336537152945223
comp4060_c0_seq1	2.79743978627839	-3.06584088459598	11.8278242730585	0.00129139010674493	0.0337322739563067
comp1837_c0_seq1	-1.1609952270718	-0.136484767781184	11.8379003195079	0.00129579052541223	0.0337779996470955
comp17729_c0_seq1	1.09501735773798	-1.05459143007608	11.7851826762107	0.00131484741025005	0.0341824819467309
comp7973_c0_seq1	0.831464517914859	0.124656161252404	11.7816872161907	0.00131679010233024	0.0341824819467309
comp10502_c0_seq1	-2.0136770074091	-2.64695781584943	11.7758422995722	0.0013200453319651	0.0341824819467309
comp31682_c0_seq1	-1.57407517568583	-2.95571932939985	11.7722795624653	0.00132203370202701	0.0341824819467309
comp12536_c0_seq1	1.08938593760311	-0.526503575179923	11.7649174513902	0.0013261525246835	0.0342062742428618
comp10897_c0_seq1	1.55131479992781	1.01026689628121	12.1027227401641	0.00132832084021469	0.0342062742428618
comp3190_c0_seq1	3.53257927006415	0.301305502703212	12.4829203548453	0.00133683880567978	0.0343119769915196
comp15726_c0_seq1	1.2142950190494	-0.980960376720496	11.7442121208879	0.00133780909741784	0.0343119769915196
comp13769_c0_seq1	-2.05517685150264	-3.26486565376503	11.7348188063309	0.00134313288201768	0.0343793470824887
comp18154_c0_seq1	-2.11948650944059	-3.42751548654077	11.7172106804046	0.00135317281499845	0.0345669215887481
comp1999_c0_seq1	1.02864175344671	-0.685927058142363	11.7078045216811	0.00135856849857571	0.0346225166291958
comp101087_c0_seq1	-1.06456961624313	-0.98000680892537	11.7039581710079	0.0013607814255297	0.0346225166291958
comp2641_c0_seq1	-0.968830961007665	-1.5629651693356	11.6925983686888	0.00136733930315923	0.0347200679230492
comp12112_c0_seq1	1.10323990630978	-1.20486161719345	11.6827746296004	0.00137303730991544	0.0347954405357695
comp1787_c0_seq1	-2.41794252301029	-2.80908549330508	11.7074664581495	0.00137679038622538	0.0348213235182836
comp9952_c0_seq1	1.02918615879706	-0.256188076958624	11.6617619588235	0.00138530941969361	0.0349674043026425
comp39475_c0_seq1	2.76757846040026	0.0503601521931928	12.3484625930146	0.00139327299534651	0.0350989147661699
comp11021_c0_seq1	-1.84343073617067	-1.79327240348547	12.0859906155089	0.00139880856991807	0.0351688616188277
comp8720_c0_seq1	1.03920887863573	0.907504840362002	11.6233975488884	0.0014080149691113	0.0352314627201437
comp713_c0_seq1	0.716258437115451	0.783214759282532	11.6201692780721	0.00140994340975049	0.0352314627201437
comp10545_c0_seq1	0.938106181615905	0.84670355125027	11.6190655649818	0.00141060336304507	0.0352314627201437
comp12455_c0_seq1	-1.45868800444347	-1.59606160777027	11.6535708924512	0.00141235407939071	0.0352314627201437
comp3973_c0_seq1	-2.84809058791717	-1.25973521330501	12.3081209554045	0.0014161475057319	0.0352570942491495
comp32044_c0_seq1	1.39512382404668	-2.22991434610518	11.5962729348368	0.00142430507013037	0.0353910657484441
comp29044_c0_seq1	2.04661227312986	0.0616349513651022	12.1363691894798	0.00143393709182654	0.0354717621002986
comp10976_c0_seq1	0.868975805852806	0.0636623390115718	11.5747193236375	0.00143739115081474	0.0354717621002986
comp15991_c0_seq1	-2.48412013307797	-3.14597527521381	11.5696331694907	0.00144049762211325	0.0354717621002986
comp4848_c0_seq1	-1.87218826740996	-2.0058021949456	11.8332900078586	0.00144074183929123	0.0354717621002986
comp2022_c0_seq1	1.01907053310832	1.17917371918943	11.5680493057266	0.00144146644449319	0.0354717621002986
comp4451_c0_seq1	-1.01053156297215	0.627713138912632	11.5620859260887	0.00144512031282043	0.0354931572784626
comp4519_c0_seq1	1.10821893361585	-0.445635557032908	11.5499195922483	0.00145260517808276	0.0356083811635019
comp181_c0_seq1	-1.18390064209679	5.87165600738216	11.533704561332	0.00146264448643703	0.0357856607842857
comp4310_c0_seq1	0.756966981653727	0.40402425483034	11.5103133399718	0.00147725599443686	0.0360241377028929
comp627_c0_seq1	-0.719494712704213	2.36530358400131	11.5063624223386	0.00147973913039654	0.0360241377028929
comp18393_c0_seq1	1.09500925941436	0.746981435502866	11.5045656294242	0.00148086986399277	0.0360241377028929
comp3130_c0_seq1	-1.72477949450237	-1.59757056449697	11.724864230139	0.0014839638429115	0.0360306421058912
comp5014_c0_seq1	-3.6254879317242	-3.1053685622164	11.8164869980077	0.00149673497232364	0.0362716362969761
comp22385_c0_seq1	1.41107715602359	-1.3512680861158	11.4578630304328	0.0015105822031193	0.0365377444841777
comp1257_c0_seq1	0.796014642236185	1.85390369822574	11.4448243521706	0.00151898929788319	0.0365421899137818
comp6127_c0_seq1	1.41995609105849	-1.7450390448296	11.4434661431925	0.00151986788039434	0.0365421899137818
comp25947_c0_seq1	-0.987611215130999	-1.28409270715652	11.4322634113401	0.00152713505739035	0.0365421899137818
comp16244_c0_seq1	1.08425689825705	-1.16907140989082	11.4317653641089	0.00152745898910333	0.0365421899137818
comp5250_c0_seq1	-1.71009988883797	-2.16286895347044	11.4311698908049	0.0015278463822517	0.0365421899137818
comp6112_c0_seq1	-1.6516463820271	-2.73215899548957	11.426000653491	0.00153121365838631	0.0365421899137818
comp6730_c0_seq1	0.856946223706676	4.52961912170779	11.4224559005519	0.0015335272599367	0.0365421899137818
comp4216_c0_seq1	-1.30535770139653	-2.27359933042606	11.4221917413894	0.00153369981986924	0.0365421899137818
comp4990_c0_seq1	-0.818219058531261	1.32200324046699	11.4048132161506	0.00154509734242988	0.0367450668357344
comp11057_c0_seq1	4.26910341050654	-3.09281562055609	11.656971230614	0.00155252923989648	0.0368530544151963
comp38711_c0_seq1	-1.44701726718457	2.36552561032015	11.7299759364884	0.00156129124347061	0.0369921551682525
comp4671_c0_seq1	-1.09714955004789	-0.0447626512131426	11.3752047296573	0.00156472209511692	0.0370046614962067
comp3144_c0_seq1	-2.23981821093756	-2.08987979764349	11.7074466331913	0.00157532119131551	0.0371863318994422
comp14978_c0_seq1	-2.88373108370534	-3.79864505984391	11.3195831815226	0.00160230316256979	0.0376890800076479
comp23300_c0_seq1	-1.15923505071832	-1.89487926394486	11.3192480416893	0.00160253246757238	0.0376890800076479
comp18517_c0_seq1	1.29120756499661	-1.091993811342	11.3099821290271	0.00160888600408807	0.0377688211677912
comp3661_c0_seq1	-1.32727581782408	-1.95588041920689	11.29485022591	0.00161931900876755	0.0379438591999264
comp1009_c0_seq1	-0.946162917821371	-0.398132930931586	11.28424911239	0.00162667068418587	0.0380286332907242
comp25817_c0_seq1	1.28867162465938	-1.03836142688597	11.2787299353277	0.00163051206666016	0.0380286332907242
comp3369_c0_seq1	-1.84014405644708	-2.36598945624575	11.276757941422	0.0016318869075097	0.0380286332907242
comp66525_c0_seq1	1.07448652927681	4.56237463327091	11.2654197389881	0.001639815487571	0.0381436642701963
comp87124_c0_seq1	-1.23647509591202	1.20055355969924	11.4333060993877	0.00164638568343756	0.0382267364422195
comp1881_c0_seq1	0.780828736017621	0.809541218156352	11.2484613839705	0.00165175009677834	0.0382442196325679
comp1230_c0_seq1	-1.83670331473038	-2.18456622932136	11.3370207987512	0.00165313917137718	0.0382442196325679
comp41077_c0_seq1	0.84231897732529	4.58486634168594	11.2330480167813	0.00166267694668497	0.0383570415128609
comp3208_c0_seq1	1.81011562578815	-2.33288942409594	11.2266990943988	0.00166719998877001	0.0383570415128609
comp5455_c0_seq1	1.01516164452761	-0.652339836199026	11.2235467550462	0.00166945057312957	0.0383570415128609
comp992_c0_seq2	1.57172714680758	2.49734496369929	11.5370713612415	0.00167005240759691	0.0383570415128609
comp163_c0_seq1	-2.40609817573099	-3.21609856118824	11.2164721532998	0.00167451310327319	0.0383841331650768
comp7145_c0_seq1	-1.68028681027628	-1.85987203984602	11.2885256006666	0.00167847715548884	0.0383841331650768
comp19522_c0_seq1	-1.3846869702206	-1.28198406600361	11.2477614508056	0.0016802656551434	0.0383841331650768
comp9319_c0_seq1	-1.82132749724539	-2.50268614842564	11.1930326805438	0.00169140230921713	0.0385428824435548
comp5239_c0_seq1	2.93695234071934	-2.89515776849975	11.284474609482	0.00169326227099637	0.0385428824435548
comp21211_c0_seq1	-1.31089698413324	-1.62006159741079	11.1515348444394	0.0017217458627664	0.0391213805930184
comp759_c0_seq1	-1.17141194262468	-1.11976126448332	11.1182783941405	0.00174647788980189	0.0395607280213
comp65627_c0_seq1	-1.07008078158537	9.50110559672184	11.1099177569502	0.0017527543008209	0.0395607280213
comp3507_c0_seq1	0.645122196939482	1.51367202153276	11.1088915017872	0.00175352635966253	0.0395607280213
comp1160_c0_seq1	-2.90863261089728	-0.506322249987096	11.7670435454362	0.00175587945750434	0.0395607280213
comp84714_c0_seq1	1.88906586088543	-1.08541708446499	11.4381114740198	0.00175843899619959	0.0395607280213
comp2128_c0_seq1	-3.39400380906686	1.45056932950459	11.7678049672336	0.00175970289386343	0.0395607280213
comp13162_c0_seq1	-0.920436714941576	-1.31520274965412	11.0793072937203	0.00177593781740935	0.0398554214058398
comp12481_c0_seq1	1.01608754147413	-1.00728478858218	11.0672796207439	0.00178513563642419	0.0399292734844791
comp34408_c0_seq1	2.08479857097663	-1.3607408427395	11.3613927994927	0.00178549351895764	0.0399292734844791
comp34616_c0_seq1	-1.38134821871988	-1.99602927994935	11.0406164237136	0.00180570534194522	0.0403105534041606
comp4272_c0_seq1	-1.25899902766719	-1.83110029893034	11.0310621231724	0.00181313691592371	0.0403228258213818
comp3521_c0_seq1	1.78870954668125	-2.13519661097528	11.0238665650343	0.00181875511532459	0.0403228258213818
comp1130_c0_seq1	0.834701731146576	2.05193804285921	11.022813178083	0.00181957912737879	0.0403228258213818
comp9461_c0_seq1	-1.10314838905751	-0.242837018919015	11.0223814920783	0.00181991692765562	0.0403228258213818
comp4326_c0_seq1	-1.00983399583577	-1.42963407232737	11.0196298562116	0.00182207167750184	0.0403228258213818
comp7115_c0_seq1	1.08332546572978	-0.565577652130036	11.0042136869496	0.00183419368739318	0.0404840173146178
comp4050_c0_seq1	1.2849505510016	-1.52193251076826	11.0022962030046	0.00183570738274489	0.0404840173146178
comp19093_c0_seq1	-2.09254702588897	-3.28416965742434	10.9788836270721	0.00185429641999877	0.0408233445003874
comp14536_c0_seq1	1.31198076264175	-1.58245947056063	10.970367839331	0.00186110695977025	0.0408462593287871
comp4423_c0_seq1	-3.45534973548672	-3.12761043589105	11.3090400290276	0.00186174603200951	0.0408462593287871
comp2033_c0_seq1	1.40960594988956	-0.204085189721707	11.1244300929169	0.0018761806024317	0.0410642455561209
comp12120_c0_seq1	2.6506529454989	-2.9916332395936	10.9492321903403	0.00187812466927265	0.0410642455561209
comp2442_c0_seq1	-0.878902043569167	-0.617474103955243	10.9189911779395	0.00190276000470562	0.0415316468835318
comp11640_c0_seq1	2.26869042066693	-2.85697047056017	10.8995950986993	0.00191874012711198	0.0416364010537422
comp6684_c0_seq1	1.13258368482748	0.00684402654125548	10.8986851136626	0.0019194933211363	0.0416364010537422
comp11461_c0_seq1	-2.12824000307641	-3.18947134296823	10.8965546742352	0.00192125790586113	0.0416364010537422
comp1699_c0_seq1	0.740688020307964	1.37765338078459	10.8955482694485	0.0019220920790894	0.0416364010537422
comp979_c0_seq1	-0.977770115079381	-1.43606918312839	10.893379339292	0.00192389112894439	0.0416364010537422
comp18204_c0_seq1	-1.54437147947611	-2.98891520611431	10.8846555215705	0.00193114520264862	0.0417225557595965
comp8045_c0_seq1	-1.16791847021343	-1.55706680550906	10.8737897925872	0.00194022074346598	0.0418477052740455
comp5092_c0_seq1	0.873964951910863	0.681827820738545	10.8571482411439	0.00195420792960678	0.0420781899978001
comp7922_c0_seq1	-1.63626177775999	-2.95213933223522	10.840211776998	0.00196855237274704	0.0422263031730627
comp3482_c0_seq1	1.18597807615864	-1.2406253015543	10.8397564178191	0.00196893957362196	0.0422263031730627
comp678_c0_seq1	0.718962870112556	-0.0140827949585141	10.8373060097995	0.00197102458523357	0.0422263031730627
comp12719_c0_seq1	0.878276457244283	0.450407800515692	10.8224599373188	0.00198370682428769	0.0424266961228108
comp837_c0_seq1	-1.79783073309159	-2.74209508913232	10.8163839011735	0.00198892209773578	0.0424669848908509
comp17596_c0_seq1	1.56017492527766	-1.62474805858658	10.7822823530373	0.00201846260593245	0.0430256569194329
comp12677_c0_seq1	1.5966158513609	0.600696026211893	11.0986028703081	0.00205052792764626	0.0434364528812954
comp28583_c0_seq1	-2.06151530650404	-3.20660350407521	10.7445601593548	0.00205168008032505	0.0434364528812954
comp24216_c0_seq1	1.63821734487099	-2.32085871810843	10.7418764915058	0.00205406516531982	0.0434364528812954
comp123964_c0_seq1	-2.69185431370364	-4.00833593110163	10.7412490469571	0.00205462322315081	0.0434364528812954
comp3320_c0_seq1	0.7463709070014	2.36835101277795	10.7381984931941	0.00205733871066161	0.0434364528812954
comp3470_c0_seq1	1.15060549445071	-0.816275675082415	10.7372545163334	0.00205817977095022	0.0434364528812954
comp28991_c0_seq1	-1.97553556948139	-2.67633461171339	10.7478488727603	0.0020695699630545	0.0435543456302509
comp18885_c0_seq1	2.28162441340875	-2.40658008639319	10.8299384769025	0.00207059962751487	0.0435543456302509
comp4883_c0_seq1	-0.685466592776624	-0.360124819567618	10.7184998988635	0.00207496517927397	0.0435742687647533
comp12170_c0_seq1	2.11577330319771	-2.6588650468905	10.7141512381955	0.0020788778491365	0.0435846314851036
comp46191_c0_seq1	-1.2168354955643	-0.680658300401339	10.750967015248	0.00208512982739534	0.043588582641579
comp24848_c0_seq1	1.30381004324012	-2.28762144568003	10.7001513762749	0.00209152712219763	0.043588582641579
comp4004_c0_seq1	1.03434454233583	-1.38848573177042	10.6970750316527	0.00209431756693599	0.043588582641579
comp125495_c0_seq1	-0.998111445131596	1.07654224415015	10.6952748521888	0.00209595227051891	0.043588582641579
comp7062_c0_seq1	0.892188665097836	1.02539255554965	10.6950419149499	0.00209616389419377	0.043588582641579
comp13264_c0_seq1	-1.29437845161139	-2.18894474898858	10.6899574516514	0.00210078876091573	0.0436136064094346
comp8081_c0_seq1	-1.40278263159603	-0.773756722444644	10.8673117687737	0.00211013820727086	0.0437364743546043
comp1743_c0_seq1	0.913501099939388	1.65471906034053	10.6655903746405	0.00212310333754546	0.0439337633826169
comp9404_c0_seq1	-1.3634986308867	-0.167490285724522	10.9151232177579	0.00212667212033643	0.0439362877113914
comp5607_c0_seq1	0.843438393686679	0.374759315991513	10.6503282471608	0.00213720731406592	0.0440241154144142
comp1285_c0_seq1	-1.02107926083605	2.91908972401124	10.6486515514046	0.00213876279866097	0.0440241154144142
comp21423_c0_seq1	1.57741708541309	0.386658385481284	10.9684937991282	0.00214220023949867	0.0440241154144142
comp1764_c0_seq1	0.784568806614843	0.327178436472747	10.642222657126	0.00214473803030919	0.0440241154144142
comp3802_c0_seq1	0.690819758652772	0.840391638413568	10.6364287490695	0.00215013819360192	0.0440579642220667
comp7404_c0_seq1	1.16079098744559	-1.35530175717513	10.633043819785	0.00215329973408234	0.0440579642220667
comp19196_c0_seq1	-1.39551752421564	-2.58987144565854	10.6247384254288	0.0021610778391929	0.0441462487438974
comp1644_c0_seq1	0.754661707601802	1.97636070591296	10.6193368402492	0.00216615241614804	0.0441791117578225
comp17031_c0_seq1	-1.82861057136154	-3.086633086163	10.6067938498892	0.00217798468094586	0.0443494740064168
comp14644_c0_seq1	1.53365126222057	-2.5183295874238	10.5939188174134	0.00219020121623888	0.0445271051090861
comp1724_c0_seq1	-0.888037919137838	0.119156616552691	10.5885721035221	0.0021952957262583	0.0445596092716792
comp96619_c0_seq1	-3.32461065339724	-3.37604020617464	10.7863137239851	0.00221801248046697	0.0449272977833321
comp27891_c0_seq1	1.93297714851041	-2.28627222921769	10.5564252538755	0.002226191323707	0.0449272977833321
comp1017_c0_seq1	2.84343275602888	-3.43438070493328	10.5551005011076	0.00222747432769122	0.0449272977833321
comp21484_c0_seq1	-2.7431982094554	-2.89574550589363	10.7775266684372	0.00222750860587322	0.0449272977833321
comp7149_c0_seq1	1.27235925238146	-1.00309028867345	10.54709465284	0.00223524452175885	0.0449356063679629
comp400_c0_seq1	0.867082009227651	-0.031775933664855	10.538835636271	0.00224329045064618	0.0449356063679629
comp3171_c0_seq1	1.53242990568104	-0.561597722837489	10.7559342752414	0.00224378012726102	0.0449356063679629
comp18382_c0_seq1	1.16218770163918	-0.359546058660401	10.5371887876908	0.00224489846561866	0.0449356063679629
comp5571_c0_seq1	-1.71509947432384	-2.76868491377682	10.5364752480969	0.00224559555766243	0.0449356063679629
comp7387_c0_seq1	1.89303498746594	-2.62145237088878	10.5329205855008	0.00224907169237941	0.0449356063679629
comp17653_c0_seq1	1.20088049169252	-1.54476986245456	10.5274151044868	0.00225446677569314	0.0449729076522074
comp5182_c0_seq1	-1.29381068863506	0.53518625478536	10.7313487265765	0.00225977270002946	0.045008316573868
comp8182_c0_seq1	1.90871644989854	-2.56444069891697	10.5152763113644	0.00226641052977235	0.0450701014399503
comp2507_c0_seq1	0.941998563822615	1.76057925886535	10.5061751102465	0.00227540934620255	0.0451785715514703
comp10261_c0_seq1	1.47294588006195	-1.88596989652957	10.4905909801245	0.00229090594483807	0.0453571185556013
comp17187_c0_seq1	-1.56562019320294	-2.83718785199733	10.4899774103827	0.00229151834547793	0.0453571185556013
comp17972_c0_seq1	-1.19346547503882	-2.07017876584801	10.4695992461553	0.00231195627782945	0.0456907080209179
comp7358_c0_seq1	-1.63791860585114	-2.38904536828042	10.4584099750767	0.00232326020542248	0.0458416483056006
comp53163_c0_seq1	1.76926777515347	-2.66954511685594	10.4543752803021	0.00232735055788817	0.0458416483056006
comp4181_c0_seq1	1.0108752431077	0.0884868764225241	10.4513892435169	0.00233038268628141	0.0458416483056006
comp19780_c0_seq1	0.827350392784685	0.159921538604777	10.4464737640348	0.00233538313525012	0.045869227773549
comp825_c0_seq1	-3.18285906947295	-0.962715459647038	11.0230728013237	0.00234785121307999	0.0459200975654725
comp15794_c0_seq1	1.62531358949422	-2.17450976743634	10.4335624040471	0.00234857176623789	0.0459200975654725
comp5631_c0_seq1	-0.899301331288848	-0.877033322778828	10.4333587838199	0.00234878038853754	0.0459200975654725
comp8470_c0_seq1	2.21502316235712	-2.18479951024762	10.5624062679638	0.00235936876847386	0.0460564681343587
comp6637_c0_seq1	1.67530022308363	-2.20145883403181	10.3963387354578	0.00238703726997866	0.0465253273400886
comp14714_c0_seq1	-0.985296411150438	-1.43160673456225	10.3800040914319	0.00240412653415969	0.0467868716502802
comp18304_c0_seq1	1.05683071468636	-1.84964728927156	10.3756150498161	0.00240874034411654	0.0468052029976426
comp27218_c0_seq1	-1.45690594300334	-0.854488483040241	10.5723604423829	0.00241316093711081	0.0468197297798348
comp686_c0_seq1	-0.917990476655852	1.73188065068948	10.3508431934285	0.00243495686240784	0.0471708132600498
comp22326_c0_seq1	1.52428035040781	0.0803333041070179	10.6256394174373	0.00245514880873699	0.0474844624836567
comp14462_c0_seq1	1.43205498507625	-1.97055701619638	10.3220119537809	0.00246584975237726	0.0474844624836567
comp6208_c0_seq1	1.85865201186036	-2.37164145680611	10.3196925006087	0.00246835300391606	0.0474844624836567
comp26876_c0_seq1	1.99544591833771	-0.44216064449702	10.7594331736128	0.00247089204015626	0.0474844624836567
comp10915_c0_seq1	-2.12039182446075	-3.62931656528678	10.3165445852724	0.00247175466401966	0.0474844624836567
comp6347_c0_seq1	1.24169813736959	-1.23379275143308	10.3149327706559	0.00247349832032228	0.0474844624836567
comp4587_c0_seq1	0.769127420598783	0.444513343754573	10.3050820425597	0.0024841831020583	0.0476018787498218
comp10361_c0_seq1	1.16881138140395	-1.14356708067156	10.2975089774822	0.00249243053887506	0.0476018787498218
comp892_c0_seq1	-0.833547195451533	0.523714389856069	10.2967136937816	0.00249329831933756	0.0476018787498218
comp60073_c0_seq1	-1.67888989558006	1.22159958601769	10.7637699885126	0.002494552051846	0.0476018787498218
comp5924_c0_seq1	0.989413924620118	-0.587223112461551	10.2772214926624	0.00251466754374973	0.0479140017640924
comp36182_c0_seq1	1.510442414392	-2.36252595326441	10.2662407638695	0.00252679084816461	0.0480147747863483
comp1075_c0_seq1	1.66764921787295	-0.409710511490381	10.588615215572	0.00252748990991133	0.0480147747863483
comp10775_c0_seq1	-1.08273099767359	-0.592872580094061	10.2524955556717	0.00254205342036439	0.0481087326511583
comp48838_c0_seq1	-0.963227390929616	0.778163804729742	10.2524323323159	0.00254212384782402	0.0481087326511583
comp4085_c0_seq1	0.899493794308383	0.110998788316925	10.2509656774647	0.00254375820246965	0.0481087326511583
comp5595_c0_seq1	3.59536233968088	-3.57052490027177	10.2412217326561	0.0025546445287147	0.0482430426778168
comp26029_c0_seq1	-1.41637598035118	-1.04970556034522	10.3824789677545	0.00256936515088469	0.0484319726647862
comp30700_c0_seq1	1.24898140670153	-1.60533234649815	10.2255580085014	0.00257224801867579	0.0484319726647862
comp34307_c0_seq1	-1.61001757331154	-2.97499922352693	10.2031857983533	0.00259761347159464	0.0488345855277573
comp13383_c0_seq1	-1.0915538804147	-1.88979455937999	10.19995954693	0.00260129313354885	0.0488345855277573
comp1779_c0_seq1	0.725153500698027	2.82022952975296	10.1920381991973	0.00261035112591394	0.0488840577701434
comp10561_c0_seq1	2.01975765816853	-2.54390851481814	10.1909498165789	0.00261159828520182	0.0488840577701434
comp128158_c0_seq1	-3.60534695531573	-2.40542417088689	10.7090428702694	0.00262343494573374	0.0490336147408621
comp4966_c0_seq1	0.94955549761521	-1.44138869267054	10.1739680765639	0.00263113918490273	0.0491056093557177
comp1007_c0_seq1	-1.57451014188417	0.171078173673278	10.5880884382632	0.00263544421893432	0.049114045992333
comp8931_c0_seq1	-2.69672705831235	-0.76413365872513	10.7097651713397	0.00265199768932165	0.0493438531877797
comp2704_c0_seq1	1.00705343012698	-0.561464144875556	10.152968313754	0.00265551763448787	0.0493438531877797
comp9837_c0_seq1	-0.977520195064127	-0.260615498140388	10.1476035774497	0.00266178373237997	0.0493882929208842
comp10675_c0_seq1	1.38304352208884	-1.56690541291827	10.1420955831846	0.00266823342547349	0.0494360050501607
comp1050_c0_seq1	1.09406902878142	-1.51621179847297	10.1372139109456	0.00267396352744053	0.0494702657246509
comp2819_c0_seq1	-1.6274369577159	-2.67976055357071	10.1271182059652	0.00268585517420715	0.049618254935679
comp22093_c0_seq1	1.48149255229026	-1.7437359601981	10.1182459340055	0.00269635191573399	0.0496860780313101
comp1696_c0_seq1	0.843026325607111	-0.171675409910058	10.1174276606595	0.00269732219327423	0.0496860780313101
