logFC	logCPM	F	PValue	FDR
comp9838_c0_seq1	7.00594498847256	1.07669292487298	170.33576849399	1.06380687354002e-16	1.35603462170146e-12
comp397_c0_seq1	6.20518053934175	-1.07417713035067	111.106021817841	1.3468132543475e-13	8.58391427658377e-10
comp18131_c0_seq1	4.66725927625371	-1.48520585547284	66.6755628806405	2.40374335128222e-10	1.02135054995981e-06
comp1698_c0_seq1	-2.09316150206274	1.00895369236929	59.1214530080421	1.16092868228915e-09	3.69958947828494e-06
comp2641_c0_seq1	3.02686178324007	-1.5629651693356	57.6671549601933	1.59354643905596e-09	4.06258729172925e-06
comp5778_c0_seq1	6.70689853708731	-2.58357976192402	53.1564174158393	7.58853225770393e-09	1.6121836781492e-05
comp5086_c0_seq1	-3.1565756179018	-1.91881750159386	50.104973650752	8.95364717293563e-09	1.63045915019158e-05
comp46_c0_seq1	2.27038379944795	4.5507165433498	45.1610113520147	2.99625923255055e-08	4.77416455466524e-05
comp8152_c0_seq1	-1.86830542547092	-1.12658689204128	43.8380205443864	4.18877441137997e-08	5.93270082465116e-05
comp9997_c0_seq1	1.87503300361189	-0.400824820575206	40.8589853388303	9.08394484529912e-08	0.000115793044943028
comp3410_c0_seq1	1.80952845774402	0.842609213483866	39.2436231417313	1.39883797870835e-07	0.000162099888314504
comp12301_c0_seq1	1.91687527592703	-0.0289221298887581	36.848249384524	2.69737263013159e-07	0.000286528407635728
comp112467_c0_seq1	-2.09102788335471	-1.48068342050469	35.7298916880653	3.69098874601618e-07	0.000361915642657448
comp4719_c0_seq1	1.19301432732844	1.82545003265775	34.1398909863865	5.81162279487795e-07	0.000529148255473638
comp17715_c0_seq1	-2.03911995929356	-1.53815505646037	33.3190697079901	7.37471335176114e-07	0.000626703140632662
comp48838_c0_seq1	-1.70023431956001	0.778163804729742	32.690602493421	8.86627696883037e-07	0.000686335996629927
comp7723_c0_seq1	2.35265123801364	-1.03041809931143	32.5824521840204	9.15330033945929e-07	0.000686335996629927
comp35004_c0_seq1	-2.29215188741017	-0.754564727804506	33.3381307831043	1.0600806290317e-06	0.000718769796490508
comp68330_c0_seq1	2.38796008401458	-1.93101835492531	32.0505192442614	1.07136001673489e-06	0.000718769796490508
comp4358_c0_seq1	-2.2460772026633	3.45738045673181	33.2947316450921	1.13732885075413e-06	0.000724876543028147
comp20490_c0_seq1	-2.57031381129266	-2.33320838419525	30.6885798929776	1.61177392718106e-06	0.000978346773798901
comp22802_c0_seq1	-2.29224079140709	-1.45398741332933	30.0760172292321	1.96391648189991e-06	0.00113276135698495
comp9470_c0_seq1	3.15508019793881	-2.24655873273242	29.9085044102636	2.04389356010463e-06	0.00113276135698495
comp7559_c0_seq1	-3.83921999464295	-3.51417887493196	29.5003965451225	2.31681027224791e-06	0.00120634020188527
comp64_c0_seq1	-4.71551092988701	-2.22416347159	32.3909363044677	2.36592963419877e-06	0.00120634020188527
comp17529_c0_seq1	2.45750300098293	-1.99383035759272	29.0243005366336	2.68412045054577e-06	0.00124144367490279
comp14452_c0_seq1	3.38312216990908	-1.98575508244494	28.9169519854202	2.77507289337319e-06	0.00124144367490279
comp3387_c0_seq1	-1.27945887001457	0.751979000009022	28.9108615212923	2.78032893154236e-06	0.00124144367490279
comp24171_c0_seq1	-2.5234472187052	-2.80781546889871	28.8603314044983	2.82434036025581e-06	0.00124144367490279
comp54054_c0_seq1	-1.53540123103427	0.868285834191234	28.7152803532931	2.95478014615526e-06	0.00124466649919461
comp9052_c0_seq1	2.21324248423799	-1.53689176529663	28.6209988204054	3.0429359716067e-06	0.00124466649919461
comp131716_c0_seq1	-1.73836170422358	0.571505437099262	28.6615126600818	3.1398120311066e-06	0.00124466649919461
comp6114_c0_seq1	1.3805701549358	1.82937998910787	28.437754382362	3.22224793860691e-06	0.00124466649919461
comp22230_c0_seq1	-2.60635567763443	-1.65518371789903	28.9804232333254	3.59854099287793e-06	0.00134913535400632
comp8351_c0_seq1	-1.72360820976453	-1.90751666094601	27.8220607114639	3.91027477709386e-06	0.00142412207381758
comp8609_c0_seq1	1.94760521543696	0.115788521176889	27.5875681991244	4.21136044681736e-06	0.00146998482048304
comp16116_c0_seq1	2.25992198623365	-1.33040206363202	27.4752150581305	4.36413487987103e-06	0.00146998482048304
comp31906_c0_seq1	-2.49655065433213	-2.48710736870339	27.4622299017624	4.38216232669299e-06	0.00146998482048304
comp1232_c0_seq1	-2.29216522657338	-1.117968980026	28.2861759340121	4.54245465895114e-06	0.00148468383429872
comp77_c0_seq1	-2.85857593674706	-2.20828084669632	27.5027600687509	5.30724018990752e-06	0.00169128476751878
comp20081_c0_seq1	-1.66128047504764	-2.08356833354772	26.2607003558653	6.44003454400631e-06	0.00198371412673482
comp3791_c0_seq1	-1.16664397896701	-0.00712706965927134	26.1983271020167	6.57131500572465e-06	0.00198371412673482
comp25743_c0_seq1	2.64348901454821	-2.29929777313889	26.1422455282108	6.69174766216341e-06	0.00198371412673482
comp14614_c0_seq1	1.47929891870768	1.90525972078316	26.0096407220247	6.9858022990089e-06	0.00202381867966969
comp8073_c0_seq1	3.03405567301826	-2.01887287242572	25.8772903547626	7.2928215397369e-06	0.00206581324815614
comp627_c0_seq1	1.15441459258179	2.36530358400131	25.6520051560506	7.84837917351265e-06	0.00217485411575578
comp1935_c0_seq1	1.160509209091	1.40871837599034	25.5259983438049	8.17829195563474e-06	0.00221805718209523
comp8544_c0_seq1	-2.32971356585716	-1.08297187461295	26.1777679060513	8.77377397456309e-06	0.00224948381049165
comp847_c0_seq1	5.61106465626268	-0.426139544208202	28.1391207094296	8.82182148641293e-06	0.00224948381049165
comp5944_c0_seq1	1.86627410855266	-1.14053349232443	25.2805702208319	8.86328915946353e-06	0.00224948381049165
comp3446_c0_seq1	-1.34787215983217	0.47278105492418	25.1989745171162	9.1041314031129e-06	0.00224948381049165
comp12370_c0_seq1	1.22234580550769	1.39250580035817	25.1748898678026	9.17652452699189e-06	0.00224948381049165
comp4176_c0_seq1	1.02085856728944	2.08226910440511	24.8770120992745	1.01234577438347e-05	0.00243478709171058
comp4269_c0_seq1	1.73593417869418	-0.288288208329139	24.3381246892682	1.21060597051972e-05	0.00280693169516288
comp43811_c0_seq1	-1.21838575933408	0.680630463708072	24.2985049112202	1.22670452877862e-05	0.00280693169516288
comp2825_c0_seq1	1.27634257798094	2.77985192007406	24.2789657805375	1.23472625724954e-05	0.00280693169516288
comp7124_c0_seq1	-2.16038224605039	-1.59691233144399	24.5246790792587	1.25515891287585e-05	0.00280693169516288
comp15458_c0_seq1	1.90767494113752	-1.5324860847842	24.1573002277845	1.28592871825775e-05	0.00282616092614337
comp12379_c0_seq1	-1.40408722480437	0.373632691776311	24.0682249334941	1.3248240126744e-05	0.00284792524903086
comp5990_c0_seq1	2.09511584085219	-0.985712995149156	24.0330627109046	1.34051553261043e-05	0.00284792524903086
comp961_c0_seq1	1.51057294553686	-0.724114209324884	23.9467613566079	1.37985996452505e-05	0.00288345491275423
comp7991_c0_seq1	1.00387118564215	-0.522326047994891	23.6258880608019	1.53709208136373e-05	0.0031602117356683
comp6184_c0_seq1	-1.10304589213667	2.8964389850221	23.4286362418001	1.64297494225284e-05	0.00332428596649158
comp787_c0_seq1	1.89909421398854	-1.34628042078916	23.2565035114101	1.74162265000715e-05	0.00346882248744393
comp946_c0_seq1	-2.06149918071907	-1.14559845269575	23.4937343361522	1.93179897208312e-05	0.00378840638417592
comp182_c0_seq1	-1.93210254703472	-0.20867679025163	23.2780689966425	2.3339764889995e-05	0.00450775731898131
comp33836_c0_seq1	-1.75385076973339	-2.10559962649345	22.187806592711	2.51069800240576e-05	0.00477669663233824
comp11021_c0_seq1	6.07021091768469	-1.79327240348547	23.5511455503311	2.61209742484406e-05	0.0048575202606368
comp14309_c0_seq1	-2.58268321978382	0.00118149153153776	23.9610925193843	2.62939435148615e-05	0.0048575202606368
comp18204_c0_seq1	3.85269956168236	-2.98891520611431	21.5815611331349	3.09863772596723e-05	0.00547048614533021
comp11607_c0_seq1	2.62445525510391	-3.18392099744727	21.5697640252322	3.11141715453143e-05	0.00547048614533021
comp22073_c0_seq1	1.44703578117838	-0.362929880070362	21.5624602270536	3.11935681861604e-05	0.00547048614533021
comp973_c0_seq1	-2.95648815582096	0.955777779874083	23.713383218849	3.13285862249239e-05	0.00547048614533021
comp61984_c0_seq1	-1.85396423969706	-2.16307999184274	21.2317490828218	3.50207607444726e-05	0.00603256266499719
comp79800_c0_seq1	-2.1769274111627	-1.45242687772912	21.5524818789917	3.63510260588853e-05	0.00617822038896814
comp7330_c0_seq1	-1.29665712809857	-1.1873544957089	20.9424697892282	3.87724746800772e-05	0.0065030622993019
comp6166_c0_seq1	-3.09663735355219	-2.03701136378624	21.9894934528606	4.10203102345072e-05	0.00676992141129529
comp34291_c0_seq1	1.64775049128343	-1.72010900253006	20.7425194264255	4.16104408644288e-05	0.00676992141129529
comp6591_c0_seq1	-1.14137707168126	1.30163812113637	20.7190988738223	4.19568362353752e-05	0.00676992141129529
comp14782_c0_seq1	2.41080008548764	-2.50168182090697	20.637895455639	4.31814657710057e-05	0.00681035426010348
comp4798_c0_seq1	1.07845536668358	-0.560029620061393	20.6317302123371	4.3275962584795e-05	0.00681035426010348
comp7666_c0_seq1	1.35152709016933	0.234695149033064	20.546139278873	4.46104903873156e-05	0.00693475513374526
comp6578_c0_seq1	-7.84788050140604	-1.85649626585779	23.6876175840137	4.61632931256313e-05	0.0070170549533474
comp19144_c0_seq1	1.40260719170669	-0.589750327267467	20.4259665812532	4.65575166837432e-05	0.0070170549533474
comp47752_c0_seq1	-1.95926322330491	-2.0685865986735	20.4118883389898	4.67913760912002e-05	0.0070170549533474
comp9375_c0_seq1	1.35418297888689	0.20647403736153	20.3628835982872	4.76150707264369e-05	0.00705755007616153
comp1496_c0_seq1	-4.15151699211685	-2.42448905895372	21.8681025787661	4.91116337060519e-05	0.00719570109024188
comp4011_c0_seq1	-1.52633840413736	0.498815778753967	20.4299352235259	5.14332219173504e-05	0.00737782160360253
comp35309_c0_seq1	-1.58187264537208	-0.775292194888141	20.0926422980673	5.24390128396855e-05	0.00737782160360253
comp2540_c0_seq1	1.0997115974687	-0.58752134148659	20.0514130996038	5.32189137156023e-05	0.00737782160360253
comp22241_c0_seq1	1.98311639218972	-2.00901676759894	20.0171221714614	5.38768369989285e-05	0.00737782160360253
comp40697_c0_seq1	2.21760842061549	-2.53309387738157	20.00597265556	5.40925912863944e-05	0.00737782160360253
comp73989_c0_seq1	-4.10742530802075	0.1893752229957	21.9774854787681	5.48456591983422e-05	0.00737782160360253
comp123466_c0_seq1	-1.98225056266447	1.39256728386221	21.0789336281127	5.49951195078457e-05	0.00737782160360253
comp9188_c0_seq1	-1.20610309142986	-1.30566016057132	19.9342287974309	5.5502768870268e-05	0.00737782160360253
comp6765_c0_seq1	1.94853636269594	-1.78400929900474	19.9311705928286	5.55637305990306e-05	0.00737782160360253
comp3229_c0_seq1	-2.23433542917562	-0.588253371636916	21.060388008312	5.67173124746879e-05	0.0074533565166479
comp40125_c0_seq1	-4.62351876480095	-2.83399172411024	20.9577148976215	5.9901869823251e-05	0.00779152178201
comp4104_c0_seq1	1.37980959972185	-0.733182205889774	19.5967833965888	6.26722970389432e-05	0.00806953303389302
comp91184_c0_seq1	-1.46708857050955	-1.24691374657584	19.5432372204837	6.38964758652838e-05	0.00814488377854773
comp665_c0_seq1	0.889882095210962	2.01655790148996	19.3073682002101	6.95953361717329e-05	0.00872187736700974
comp1936_c0_seq1	-2.03884429750604	-1.45831759409762	19.7843040624061	6.97914404514783e-05	0.00872187736700974
comp8952_c0_seq1	-1.37319244823497	-1.51394177621549	19.1079809993982	7.48285453613646e-05	0.00926057735651761
comp122763_c0_seq1	-1.6718968511686	-0.0894226136621297	19.5607179445784	7.57546249118728e-05	0.00928504042068887
comp11869_c0_seq1	-1.19796259421403	-0.247569424957766	19.0403645589168	7.66956933321053e-05	0.00931085717051758
comp8651_c0_seq1	-1.34427822193523	-0.891616457384724	18.901787542631	8.06767938948238e-05	0.00956431111113601
comp8724_c0_seq1	-1.66594749078413	-2.29928865387848	18.8993230375794	8.07495273741596e-05	0.00956431111113601
comp14470_c0_seq1	-1.68405013209902	-1.96047669131587	18.8896925082285	8.10344080962336e-05	0.00956431111113601
comp4065_c0_seq1	0.979870082147547	0.265835091644301	18.8499259044044	8.22219625544359e-05	0.00961544363927885
comp12684_c0_seq1	-2.20097837396654	-2.613771317632	18.7617642149054	8.49203588621872e-05	0.00984072558560273
comp42424_c0_seq1	-4.91191247974153	-0.140437918929606	20.5167513836152	8.58656466676376e-05	0.00986062520785925
comp29573_c0_seq1	-2.63761382322429	-2.83753434415644	18.6755383167279	8.76495424365047e-05	0.00988242956275906
comp776_c0_seq1	-1.91958473802272	-1.20603230800334	19.0918143906911	8.78133958070707e-05	0.00988242956275906
comp5842_c0_seq1	-1.34983784438419	-0.958212307437206	18.6528966230906	8.83813422887372e-05	0.00988242956275906
comp30944_c0_seq1	-6.4874729947198	-0.438969876323015	20.3976598926898	8.91814160774551e-05	0.00988517835425496
comp4251_c0_seq1	-1.45746042897732	-1.45281772617318	18.5452910174647	9.19479733241857e-05	0.0101039725514086
comp35954_c0_seq1	2.51477080161603	-2.81804153534087	18.4500952785023	9.52292694184077e-05	0.0103380592092477
comp463_c0_seq1	-8.97018819872896	-2.92518260132507	21.9454928001144	9.63150837785621e-05	0.0103380592092477
comp5613_c0_seq1	-1.31319061998229	-1.43657292835822	18.4127678107206	9.65492532545936e-05	0.0103380592092477
comp335_c0_seq1	-1.46583143748305	-1.23904401576892	18.3911555150847	9.7322280152956e-05	0.0103380592092477
comp17453_c0_seq1	2.46916370715831	-2.22758620134217	18.3175287359567	0.000100004893619088	0.0105352262724174
comp675_c0_seq1	-9.04501347591107	-2.12396669768067	22.5016137219016	0.000105227401860919	0.0109257100073596
comp16355_c0_seq1	-1.32233115499289	0.977033868065994	18.1752651075325	0.000105425773194103	0.0109257100073596
comp10140_c0_seq1	2.46762858902679	-1.97863312841989	18.0903462796859	0.000108782785240888	0.0111826948666581
comp332_c0_seq1	0.893376115409947	2.11719740916551	18.043630073016	0.000110686034668816	0.0112873190713872
comp13824_c0_seq1	-1.41849683212492	-1.67553433662835	17.9966896390315	0.000112633664839182	0.0113425939689049
comp3819_c0_seq1	-1.61019826056881	-1.74745592588354	17.9877719720395	0.000113007722134692	0.0113425939689049
comp91132_c0_seq1	-1.28976022435178	-0.112860996704257	17.9383592880085	0.000115104140562748	0.011462753748073
comp13703_c0_seq1	-1.24805481254502	0.430421935622633	17.8934134001385	0.000117046522848217	0.0115658296646994
comp27435_c0_seq1	2.00064480085951	-2.10497160709972	17.8314059738173	0.000119782910156393	0.011745175044335
comp2992_c0_seq1	0.973946092293045	0.66882105035943	17.8108479448841	0.000120704895901386	0.0117452313591982
comp6625_c0_seq1	1.97238150881114	-2.12952499846283	17.7750864976582	0.000122326523607208	0.011812849972887
comp5230_c0_seq1	-1.66395838284699	-2.53506757055425	17.6942761206827	0.000126075761254432	0.0120328301370358
comp15785_c0_seq1	-2.59792842855196	-2.19369185659583	17.8047697093567	0.000126492448290798	0.0120328301370358
comp15987_c0_seq1	0.999565646199596	0.0678711778261661	17.6477219987981	0.000128290268829448	0.0121134522723628
comp1824_c0_seq1	-2.39769785876023	-1.99495215897323	17.9450345593264	0.000133241461078689	0.0124884478262504
comp35060_c0_seq1	-2.04691243678922	-2.54300879541169	17.5110208136448	0.000135032178328519	0.0125639064025813
comp832_c0_seq1	-1.1836988134827	2.80840208277925	17.264712796899	0.000148135985437329	0.0136832565678959
comp11263_c0_seq1	1.67922632466922	-2.3365790086739	17.227028625572	0.00015025575811422	0.0137792097027479
comp6676_c0_seq1	-2.18740048487715	-2.64750890254046	17.1655695145344	0.000153781520260943	0.0139847397011688
comp10520_c0_seq1	-1.96295418682982	-2.60436653176989	17.149953157717	0.000154691166381485	0.0139847397011688
comp6912_c0_seq1	1.44040394638258	-1.36411888030181	17.1052409180034	0.000157327027150002	0.0141228705287399
comp6795_c0_seq1	1.19534475999347	-0.572384685876906	17.0594659548445	0.000160074457239643	0.0142690147303058
comp25718_c0_seq1	-2.88502393968637	-3.16171800175783	16.9258876213307	0.000168383811237727	0.0148555763018704
comp3782_c0_seq1	1.6210632719486	-0.478874608715176	16.9706265502793	0.00016898553100896	0.0148555763018704
comp55499_c0_seq1	-1.09454519505712	1.61923216508571	16.8223675243391	0.000175134487912624	0.0151934033816135
comp26377_c0_seq1	-1.06752032970137	-1.33128068709619	16.8211999240781	0.00017521223010098	0.0151934033816135
comp3803_c0_seq1	-1.34705833769835	-1.63360709940549	16.6665630779593	0.000185835730093131	0.0159077027104872
comp11505_c0_seq1	-1.20968634947775	-1.60826298129954	16.6588375570069	0.00018638390683757	0.0159077027104872
comp7667_c0_seq1	-4.32001907270611	-3.97672349118863	16.6474715666232	0.000187193489179657	0.0159077027104872
comp4532_c0_seq1	-1.44174245575882	2.5414485248807	16.7471604316468	0.000194277265386823	0.0164003463701048
comp10778_c0_seq1	-1.14231006428254	-0.807341473840557	16.5168049832489	0.000196770606553925	0.0165015455377821
comp17674_c0_seq1	1.62068786037339	-1.42486107022067	16.4642789053704	0.000200764304718698	0.0167264221715637
comp6659_c0_seq1	-0.903771022225205	-0.149235197455401	16.4208008357961	0.000204134466094417	0.0168129966840244
comp287_c0_seq1	2.50063776985697	-1.03253981250308	17.0608896184748	0.000204753233875806	0.0168129966840244
comp8492_c0_seq1	1.03315708797076	0.689517700953339	16.3697343153464	0.000208168895883266	0.0168129966840244
comp9763_c0_seq1	0.942944704508512	0.164057541914486	16.3520976568729	0.000209581643891724	0.0168129966840244
comp9971_c0_seq1	-2.03824442530791	-0.417303197016661	17.1794201860052	0.000210188968913037	0.0168129966840244
comp1383_c0_seq1	2.57594152838463	-1.96768160267021	16.3419853676928	0.000210396208712344	0.0168129966840244
comp3824_c0_seq1	1.35986132895752	0.962080238734356	16.334068114282	0.000211036280649871	0.0168129966840244
comp4016_c0_seq1	1.08810716431728	0.426821164934851	16.2942311871943	0.000214288098880878	0.0169660273070469
comp469_c0_seq1	-1.46951555836922	6.3895512279873	16.2825418427492	0.000221062316425899	0.0173307991396933
comp7117_c0_seq1	-1.34408378520174	-1.80811533030954	16.1936399990196	0.000222735724589812	0.0173307991396933
comp1929_c0_seq1	-0.763784608406364	2.30180851722535	16.190859796427	0.000222974116177116	0.0173307991396933
comp2112_c0_seq1	1.2820835629266	-0.777534120760764	16.119286831848	0.000229204429583427	0.0176035870852764
comp21902_c0_seq1	1.8477539555237	-2.03646230069792	16.0980007691078	0.000231092440300905	0.0176035870852764
comp105486_c0_seq1	-2.63435060099952	-3.34751549907264	16.0920614505094	0.000231622151465843	0.0176035870852764
comp3740_c0_seq1	1.32157586851761	-1.44116561783364	16.0877470861848	0.000232007737532474	0.0176035870852764
comp5489_c0_seq1	1.20203436424416	-0.84957090481904	16.0461985456967	0.000235755754349974	0.0176895404482329
comp14061_c0_seq1	1.24844142393072	-1.3855593275763	16.0398854786938	0.000236330789885333	0.0176895404482329
comp927_c0_seq1	-0.925481393724854	0.7008397507629	16.0033496961463	0.000239687786775647	0.0176895404482329
comp11374_c0_seq1	0.965126667761186	0.186473245436833	15.9931775316356	0.000240631321784611	0.0176895404482329
comp4045_c0_seq1	1.11158299805661	-0.556290012658439	15.9855242693198	0.00024134378495051	0.0176895404482329
comp104854_c0_seq1	-1.96434338430025	-2.46689491569836	15.9842029458373	0.000241467014826432	0.0176895404482329
comp3649_c0_seq1	1.63088623835634	-1.38141992604296	15.9062602948537	0.000248854426240392	0.0180781279890995
comp871_c0_seq1	-1.74322554240574	-1.9385574546238	15.8984487359203	0.000249607792114342	0.0180781279890995
comp2237_c0_seq1	-0.767496149983271	0.586869090184664	15.8790514932726	0.000251488894627353	0.0181114629368072
comp9775_c0_seq1	-1.07262918004134	-0.931133404210142	15.8618762234825	0.000253166953244196	0.0181298828820436
comp66885_c0_seq1	-1.20942411385809	1.16145966558026	15.8362380186272	0.000255693786642788	0.0182085402141655
comp5919_c0_seq1	-1.62072756506816	-1.5622399641044	15.7561329261377	0.00026376095369663	0.0184884395462396
comp1280_c0_seq1	-1.6027860838698	-1.7426554824615	15.7557302364579	0.000263802176679758	0.0184884395462396
comp3991_c0_seq1	-1.75692435099645	2.60029352611097	16.4261018089183	0.00026397552344988	0.0184884395462396
comp22994_c0_seq1	-1.48574436355993	-1.86364363074952	15.6683227090479	0.000272912282989499	0.0190099064003669
comp3636_c0_seq1	5.13206953540345	-3.50875180473156	15.8281538913361	0.000285092872962429	0.0196864143872865
comp3306_c0_seq1	-1.22485119962201	-0.436065724574052	15.5505517337333	0.000285713239322821	0.0196864143872865
comp6041_c0_seq1	0.787496784236812	1.06252223541071	15.4940923639775	0.000292072392863028	0.0199962379245135
comp10956_c0_seq1	-1.20306782369935	-1.7023533906735	15.4829298188019	0.000293347179091867	0.0199962379245135
comp2493_c0_seq1	-1.13184706498616	-1.1631596499214	15.4397417676306	0.000298334707567682	0.0202280453051343
comp83699_c0_seq1	-3.48506983655204	-0.901659520212058	16.6383168291917	0.000300669564348981	0.0202784917288702
comp12404_c0_seq1	-1.45631254717881	-1.62327591476701	15.373022396882	0.000306215718869645	0.0203885715452892
comp13356_c0_seq1	3.02531273747126	-2.68429534928111	15.370451069518	0.000306523794369679	0.0203885715452892
comp60073_c0_seq1	-2.04776653044571	1.22159958601769	16.3574161069028	0.000307100159778421	0.0203885715452892
comp2474_c0_seq1	-0.882505800094224	0.268345271038184	15.3488143521192	0.000309129073177774	0.0204169341751144
comp5767_c0_seq1	1.16508513158691	-0.2114264290317	15.3264835441853	0.000311842353465121	0.0204899715444324
comp65986_c0_seq1	-2.391200974968	-3.29738103433304	15.2787221004128	0.00031772994854921	0.0207697623290091
comp6559_c0_seq1	-2.47133739002562	-3.09476789901109	15.2506920829424	0.000321239552072274	0.0208871415278482
comp8415_c0_seq1	-1.66683014961683	-2.22249047286418	15.2383106883903	0.000322802767787409	0.0208871415278482
comp6264_c0_seq1	2.02846955835078	-2.43204312003932	15.2114241778117	0.000326224936760276	0.0210019660044608
comp53669_c0_seq1	-1.96068593337245	-2.05495167109807	15.2104938284351	0.000337849225566367	0.0215830397222363
comp10334_c0_seq1	1.5343654769663	-1.183612767256	15.1163361742561	0.000338637165171983	0.0215830397222363
comp431_c0_seq1	-1.56892779553476	2.7089069278962	15.5259013878855	0.000340682345548013	0.0216053624810971
comp30092_c0_seq1	-3.22244973475574	-0.528209085760991	16.1885336912228	0.00035144660962224	0.0221776729349243
comp5351_c0_seq1	1.23885563382284	-1.26117320771127	14.9902094949251	0.000355872190481264	0.0223463192712546
comp13559_c0_seq1	1.3393601535724	-1.4963337199069	14.9225209885272	0.000365499827546421	0.0228357396440038
comp2374_c0_seq1	-2.97450762679599	-2.19676807158752	15.6718661819842	0.000367804647994149	0.0228357396440038
comp10967_c0_seq1	2.52843334550335	-2.83686772128108	14.8980965531421	0.000369040744227252	0.0228357396440038
comp16523_c0_seq1	2.48808400265014	-2.64545923717431	14.8814824762577	0.000371469962423059	0.0228750126135591
comp8409_c0_seq1	0.947655784545099	-0.476882590753311	14.8429217665624	0.000377173136030015	0.0231145479085318
comp1913_c0_seq1	-1.16857337121562	0.751441388008451	14.8200775669014	0.000380595191663449	0.0231765778044222
comp16957_c0_seq1	-1.36839512392005	3.61170495370053	14.9374137817411	0.000382081478172513	0.0231765778044222
comp44574_c0_seq1	2.59030432567824	-2.95655027170183	14.799933196259	0.000383639908741907	0.0231765778044222
comp5054_c0_seq1	-2.81811586804555	-2.96061428861444	15.3045952311685	0.000387669149539625	0.0233095219301019
comp62923_c0_seq1	-1.35322027194511	0.21089691580375	14.9097582072525	0.000396263479907357	0.0236808775850065
comp20120_c0_seq1	1.00943814227174	-1.3071413469864	14.7081614755143	0.000397838475937948	0.0236808775850065
comp4818_c0_seq1	0.960304787513205	0.0246913044237447	14.6981621889966	0.000399418583256954	0.0236808775850065
comp320_c0_seq1	2.04387200172969	-1.89261320903312	14.642626363877	0.000408315433898576	0.024096281647709
comp443_c0_seq1	1.04863918768424	2.13118294050944	14.6112254879294	0.000413437890335285	0.024187216348435
comp2843_c0_seq1	2.96888378207384	-0.285693308200176	15.6183108071381	0.000413651303362268	0.024187216348435
comp3028_c0_seq1	0.850521129934897	-0.236130374829095	14.5464435768382	0.00042422060082114	0.0246619734962533
comp7582_c0_seq1	-1.35674048150143	-0.873397334169699	14.5496555271713	0.000425640085445653	0.0246619734962533
comp118387_c0_seq1	-1.18461467653275	0.356504205122061	14.4769756042005	0.000436112655613387	0.0250538638921369
comp11816_c0_seq1	2.38353155015262	-1.05438639751626	15.0905763127493	0.000437411222635312	0.0250538638921369
comp31725_c0_seq1	-2.25357759122693	-3.54748539717999	14.4644146103507	0.000438300121436144	0.0250538638921369
comp10637_c0_seq1	-1.30288359743871	-1.42171618505812	14.3296353642522	0.000462511402006851	0.0263197894704524
comp25032_c0_seq1	-1.52297129113883	0.089874392596894	14.6935015374688	0.000465450350699519	0.0263693138682967
comp598_c0_seq1	-0.78711024770371	1.77991078062205	14.3010745064403	0.000467820330017936	0.0263863086138878
comp4294_c0_seq1	0.809273036822363	0.198479930573392	14.2714172456767	0.000473400963743181	0.0265834453076402
comp11657_c0_seq1	5.19026437549817	-3.42189689731979	14.4847358997376	0.000476821838734682	0.0266581051682061
comp4582_c0_seq1	1.27828905447057	-0.655977006552244	14.2398124898583	0.000479425222182385	0.0266866083282046
comp50619_c0_seq1	-1.58585905656605	-2.02171406590935	14.2225256597907	0.000482754382024921	0.0267550874246594
comp361_c0_seq1	-5.60398696746227	-1.10658412626897	15.2310244364064	0.000491882563707226	0.0270605598347964
comp10357_c0_seq1	1.40444930086894	-1.81673111091582	14.1594954352799	0.000495100477543219	0.0270605598347964
comp3178_c0_seq1	0.985845020263642	-0.38590190257731	14.1532909819796	0.000496333614057405	0.0270605598347964
comp111876_c0_seq1	-1.95092587003971	-0.826784925321766	14.8369488064463	0.000496757747026151	0.0270605598347964
comp8400_c0_seq1	1.12244591158891	-1.03661527032461	14.1339661569872	0.000500195179391877	0.0271318636242904
comp8107_c0_seq1	-1.60897447978874	-2.63184228664915	14.0804428300275	0.000511056370154256	0.0276035404676115
comp23295_c0_seq1	3.41089752842381	-3.09437510676866	14.0423519932957	0.000518936909640157	0.0278321534549252
comp10030_c0_seq1	1.82746147562048	-2.14386289049884	14.038907540482	0.000519655803112278	0.0278321534549252
comp36828_c0_seq1	2.11667561039638	-0.98068828589277	14.4143783149024	0.000523921114006142	0.0279431901265117
comp2102_c0_seq1	1.42243863778632	1.50710169104743	14.1367601994344	0.000529666703295598	0.0281319227787875
comp25817_c0_seq1	1.44741513703204	-1.03836142688597	13.9610971868475	0.000536178011217674	0.0283595896638659
comp29779_c0_seq1	-1.3898657911326	-1.8396619370495	13.9230797702194	0.000544450791067473	0.0286781579906491
comp2723_c0_seq1	1.70976612649041	-2.14871542824355	13.8791577388756	0.000554175977383921	0.0290573150687347
comp9858_c0_seq1	-1.06049305571726	0.542848127174463	13.8678235727228	0.000556715141316996	0.0290573150687347
comp2161_c0_seq1	-1.15921990168008	-1.5057739315287	13.8599437144888	0.000558487659201381	0.0290573150687347
comp43008_c0_seq1	-4.01311655138795	0.310651533093597	14.8303761788015	0.000566840298272495	0.0293720052117053
comp10888_c0_seq1	2.27114920630658	-2.13730928202057	13.7990775891588	0.000581002413958569	0.0299839585859509
comp640_c0_seq1	1.39628501868131	3.82628450740866	13.7861215371935	0.000584120961865115	0.0300004055402949
comp10048_c0_seq1	-1.05511018505508	-0.451085103436169	13.7407838076444	0.00058602816188385	0.0300004055402949
comp87418_c0_seq1	-2.43621573786942	-2.95573585403476	13.7457759474104	0.000588916404318948	0.0300276696234145
comp110596_c0_seq1	-2.18301588688801	-2.43721642539926	13.8119860729386	0.000595882383557514	0.0301500687175048
comp20234_c0_seq1	1.4558059596838	-1.41374652926647	13.6988893221392	0.000596047487001743	0.0301500687175048
comp5139_c0_seq1	1.11096668794236	2.2708648208135	13.6787744539137	0.000600922001422757	0.0301747704739359
comp7236_c0_seq1	1.01720715624856	-0.672794244766743	13.6773440292604	0.00060127023616378	0.0301747704739359
comp104278_c0_seq1	-0.94164279678214	2.0840714191998	13.6528272357524	0.000607271949948887	0.030243511793719
comp13934_c0_seq1	1.37126536879945	-1.40098609211882	13.6523671084925	0.000607385190177458	0.030243511793719
comp8658_c0_seq1	-1.54901345966865	-1.84481158871096	13.6282314849147	0.00061335639382554	0.030278844912668
comp4692_c0_seq1	-1.21830116959823	-0.863034413338964	13.6251854085351	0.000614114379532416	0.030278844912668
comp1246_c0_seq1	1.33926220412757	-0.742860129402482	13.6030477313659	0.000619652830755354	0.030278844912668
comp958_c0_seq1	1.06410263687039	-0.680597809771193	13.5974844908255	0.000621052904789958	0.030278844912668
comp9993_c0_seq1	-1.12692041839567	1.7060921622961	13.594503634803	0.00062180445234738	0.030278844912668
comp36967_c0_seq1	-1.85793308532429	-2.87214855758774	13.5752262355126	0.000626687936244103	0.030278844912668
comp11325_c0_seq1	1.29374952920109	-1.43445589015759	13.5674337121886	0.000628673436453981	0.030278844912668
comp4957_c0_seq1	1.48597483311078	-0.32193358740506	13.7013827406859	0.000629000812623817	0.030278844912668
comp4732_c0_seq1	1.09504765154514	-0.180088854833796	13.5550313072008	0.000631847183203568	0.030278844912668
comp8154_c0_seq1	-1.78450501850474	-2.98476517781681	13.5550262003251	0.00063184849350982	0.030278844912668
comp18271_c0_seq1	2.13170309258694	-2.84327750878606	13.5374000109952	0.000636388054953201	0.0303141008892417
comp22319_c0_seq1	4.27058824480402	-2.3854614287122	14.0725874592645	0.000637340475273929	0.0303141008892417
comp16425_c0_seq1	-1.89265049116705	-3.06177501954421	13.5244812048606	0.000639737045010641	0.0303149743968425
comp687_c0_seq1	-0.942262649267746	0.148478282078393	13.5014950111095	0.000645741800031407	0.0304861878703717
comp117268_c0_seq1	-1.3111596235767	-1.32151856019691	13.4849658461013	0.000650096424321438	0.030578520741053
comp14231_c0_seq1	-2.44253552079467	-3.19141913418685	13.4574818864193	0.000657405679337183	0.0308086404209966
comp14128_c0_seq1	-1.48928586250857	-0.934792702155237	13.572541900707	0.000662925187763491	0.0309535068440338
comp40669_c0_seq1	-1.6191909673429	-0.660810106713583	13.8279038398737	0.000666202516614596	0.0309930053988549
comp42_c0_seq1	-3.05391149808958	1.7269689964069	14.3586011389889	0.000669024392200429	0.0310111051904686
comp23161_c0_seq1	1.9211917180189	0.12765421709558	13.8558582899468	0.000689341173668411	0.0318370722490987
comp12067_c0_seq1	-1.26823290624853	-1.20234516840279	13.3104121806259	0.000698016350155667	0.0321213516802682
comp25102_c0_seq1	-0.972310158669298	1.55649119060704	13.2999914162703	0.000700992329004452	0.0321422633734523
comp21484_c0_seq1	-3.04382389386397	-2.89574550589363	13.6257959078264	0.000705387605089475	0.0321611179384386
comp14335_c0_seq1	-1.09985507665355	-1.52723459536911	13.2745983223205	0.000708300213775836	0.0321611179384386
comp5252_c0_seq1	-1.23450205157129	-0.103115616754409	13.3121211877212	0.000708972632046855	0.0321611179384386
comp2286_c0_seq1	0.693930046083577	2.29352375475167	13.2431754783569	0.00071745462490038	0.0323812827109522
comp32989_c0_seq1	-0.953515092003264	0.750473465716638	13.2382301862763	0.000718906645265511	0.0323812827109522
comp3303_c0_seq1	0.990094696746352	-1.0599195006203	13.2203346104059	0.00072418699968116	0.032408234562081
comp6298_c0_seq1	0.878254393250888	-0.619654324124003	13.2035964930053	0.000729162802011886	0.032408234562081
comp23486_c0_seq1	1.22269434645923	0.203441658362596	13.1907268349651	0.000733013090809747	0.032408234562081
comp13433_c0_seq1	-2.91273367503425	-3.74936248481608	13.1859836296323	0.000734437537076661	0.032408234562081
comp112854_c0_seq1	-1.43347312156198	-2.37616814308661	13.1832747042092	0.000735252370191933	0.032408234562081
comp16270_c0_seq1	1.26622993091032	-0.592432758946679	13.1782415654407	0.000736768845418104	0.032408234562081
comp8572_c0_seq1	-1.02359964575031	1.08720750424477	13.1764747803339	0.00073730195520542	0.032408234562081
comp126435_c0_seq1	-1.19267663538717	0.1011346550836	13.2062816407744	0.000740046469629949	0.0324170871078109
comp2632_c0_seq1	1.14045009678224	-0.515903669185792	13.1321251473837	0.000750817965021102	0.0327550464146446
comp9958_c0_seq1	-2.74045291302682	-3.47620030634745	13.1253651151627	0.000752900964892984	0.0327550464146446
comp101087_c0_seq1	-1.12393498782678	-0.98000680892537	13.1068374687813	0.00075864123320988	0.0328925163255998
comp31403_c0_seq1	2.64170082932602	-2.85794526395878	13.0559207708801	0.000774654989881543	0.0334729734102374
comp35739_c0_seq1	-1.93723597832016	-2.64006723868523	13.0393075512893	0.000779956712575503	0.0335882034297295
comp1736_c0_seq1	0.732682388640964	0.817160282394539	13.009727190001	0.000789491420980823	0.0338788346397547
comp12606_c0_seq1	1.61878102924998	-2.56008090805547	12.9957710853161	0.000794032477118115	0.0338788346397547
comp6756_c0_seq1	-1.26238863376149	-1.33764848238847	12.9937913521304	0.000794678870109568	0.0338788346397547
comp40_c0_seq1	-1.72533926538995	1.07381834663104	13.6156048024673	0.000799155644355082	0.0339396734283634
comp3664_c0_seq1	1.27866706397032	-0.821267840233699	12.9732119857616	0.000801431058440212	0.0339396734283634
comp1500_c0_seq1	-0.980701674026332	-0.254824147919824	12.9011670841523	0.00082554939907708	0.0348452920199852
comp8271_c0_seq1	-2.65117642062124	-3.75174300615219	12.8667971081917	0.000837323629533496	0.0351007937649701
comp14334_c0_seq1	-2.4977225473481	-2.575702254625	13.2238045861053	0.0008381297301536	0.0351007937649701
comp10710_c0_seq1	0.815979621213106	-0.765227935980455	12.8545065736855	0.000841576863864671	0.0351007937649701
comp15624_c0_seq1	2.47925574661224	-3.05470407480276	12.8515099568428	0.000842617313256519	0.0351007937649701
comp11923_c0_seq1	1.31672029674957	-1.84159545711578	12.8390752324536	0.000846949248965992	0.0351663259823111
comp17995_c0_seq1	-3.18197168647758	-3.53086596103251	12.8157942697159	0.00085512293714904	0.0353904288306455
comp27497_c0_seq1	2.51951260861993	-3.1735408257813	12.7928217396023	0.000863269832684243	0.0356119759133529
comp10499_c0_seq1	-1.63774526812017	-2.59186938322417	12.7783585343574	0.000868440924937871	0.0356336845777466
comp4925_c0_seq1	-1.21901459888747	-0.271592921944859	12.8031345240407	0.000871116221600907	0.0356336845777466
comp24725_c0_seq1	-1.33992051712907	-1.91632845817984	12.7679502162727	0.000872182442006505	0.0356336845777466
comp16024_c0_seq1	-2.04688136384333	1.93453521451251	13.4977926396103	0.00088176221555986	0.0359099775135512
comp2982_c0_seq1	-2.86906429367102	-3.82466444094098	12.6880520245733	0.000901475482121594	0.0365958852567005
comp1550_c0_seq1	0.860306555171142	0.519696355083941	12.6339321060946	0.00092190503202403	0.0373064236292391
comp3000_c0_seq1	-1.0609209738578	-0.218511918521907	12.6237346352798	0.000925808758833519	0.0373458362305407
comp11849_c0_seq1	1.05188967634996	-1.02317382628338	12.60928347199	0.000931370712441965	0.037451679720813
comp15435_c0_seq1	-1.29713061983621	-0.796215644776994	12.6217818414669	0.000938693534858658	0.0375814162052779
comp1485_c0_seq1	-1.87750290078591	0.081531650216044	13.2424862876639	0.000940949163130458	0.0375814162052779
comp54388_c0_seq1	-3.38126688062882	-1.7573835022151	13.367158826217	0.000943979930807831	0.0375814162052779
comp107011_c0_seq1	-1.61464469158233	-1.22422447210324	12.8039524135281	0.000946390099779886	0.0375814162052779
comp4015_c0_seq1	1.17789290123504	-1.04205774425731	12.5533614619591	0.000953227914076011	0.0377353919898351
comp9797_c0_seq1	-1.45233637707222	-2.24448570179842	12.4958643528107	0.00097626516139666	0.038527715208431
comp3905_c0_seq1	2.37947240087877	-2.91394340288622	12.460169854904	0.000990861372149964	0.0388736616284063
comp37661_c0_seq1	-2.14199146098795	-3.63601269414939	12.4595170130148	0.000991130464362755	0.0388736616284063
comp2545_c0_seq1	1.23673523957236	-1.51758294559334	12.4476253243297	0.000996045552224549	0.0389466032337617
comp4704_c0_seq1	-2.14876029218892	-3.1083743686948	12.4251683348531	0.0010053976963647	0.0391080986251969
comp13566_c0_seq1	-2.95444358356915	-3.78744538449767	12.4196002060457	0.00100773081398674	0.0391080986251969
comp9644_c0_seq1	-0.928102614185619	-0.843054406195993	12.4094958751691	0.00101197924326416	0.0391080986251969
comp825_c0_seq1	-3.47404122681774	-0.962715459647038	13.2199872880646	0.0010138349070653	0.0391080986251969
comp478_c0_seq1	0.796088418773331	1.99911313022745	12.4011185408413	0.00101551585823646	0.0391080986251969
comp27628_c0_seq1	1.15754516438274	-1.67467118497936	12.3847181790077	0.00102247727916032	0.0391684525819029
comp14413_c0_seq1	-1.50411511603323	-1.8536478912859	12.3770405457142	0.00102575345213712	0.0391684525819029
comp413_c0_seq1	-1.16993326893745	0.718458798971555	12.4605668845509	0.00102853054100058	0.0391684525819029
comp127315_c0_seq1	-1.02776241049873	0.734166003449136	12.3685856574036	0.00102937409703754	0.0391684525819029
comp575_c0_seq1	0.712497219963636	1.67481088381535	12.34226499393	0.00104073190984851	0.0394827668298779
comp1080_c0_seq1	-2.28431138890917	-0.495604621634123	13.0557563253959	0.0010465340161496	0.0395568769115642
comp16677_c0_seq1	-1.1548404812094	-1.82651501780178	12.3235413181385	0.00104889184875725	0.0395568769115642
comp39189_c0_seq1	2.12557384859984	-3.14914791222901	12.3095507526115	0.00105503306349942	0.0396711105027349
comp8776_c0_seq1	-3.02712886308568	-1.9840879916973	12.9849772365786	0.00106600779482876	0.0398248955918737
comp798_c0_seq1	-0.909853551240466	4.77682054615456	12.2829720292277	0.0010668045292269	0.0398248955918737
comp21811_c0_seq1	2.55901249852048	-3.09885043998483	12.2791790274899	0.00106849566897472	0.0398248955918737
comp9013_c0_seq1	-1.76625844759031	-2.5600024696762	12.2679673517794	0.00107351102487943	0.039886983323219
comp50253_c0_seq1	-1.23116164628627	1.4185185733533	12.4187889028496	0.00107658785339391	0.039886983323219
comp5261_c0_seq1	1.00083879275809	0.742916585913145	12.2545429855571	0.00107954885435872	0.039886983323219
comp39082_c0_seq1	-3.33843934065772	2.13256645321165	13.0211224131034	0.00109419842207124	0.040311408341451
comp2875_c0_seq1	3.42965329986953	-3.67346597446491	12.2006002480985	0.00110417378952472	0.0405503961314298
comp10264_c0_seq1	2.30274544569268	-3.00106707515649	12.1943873803592	0.00110704776447302	0.0405503961314298
comp5454_c0_seq1	-1.11616223764057	-0.984239153896323	12.1644328606725	0.00112101534318521	0.0409443626922117
comp2321_c0_seq1	-1.58118826464084	-1.75231659832254	12.1766310306248	0.00112804057481982	0.0410832377349378
comp104404_c0_seq1	-2.08045638615329	1.0861821410783	12.8295500498585	0.00114460297264339	0.0415676754765961
comp10917_c0_seq1	3.02137915327541	-3.1377076630748	12.0942375100599	0.00115447981168511	0.0418072561350855
comp14076_c0_seq1	-1.2162190593626	-1.23278148282259	12.0832061380321	0.00115983387160801	0.0418821596639868
comp15914_c0_seq1	1.06888093111077	-1.25764018920573	12.0386894012438	0.0011817074453823	0.042466757589305
comp1116_c0_seq1	-1.7805222108504	-2.29061876328239	12.0565525078813	0.00118268603939776	0.042466757589305
comp104_c0_seq1	0.781498426267334	4.77446374712253	12.0101015350551	0.00119598327778359	0.042648494813435
comp32859_c0_seq1	-1.75150382764884	-2.6688190823431	12.0089325375236	0.00119657089236806	0.042648494813435
comp3491_c0_seq1	1.88620581779061	-2.1243441903082	12.0035386838583	0.00119928614133622	0.042648494813435
comp13671_c0_seq1	1.37171491769483	-1.61693280690057	11.9998823275753	0.00120113043367249	0.042648494813435
comp3281_c0_seq1	4.35932729089424	-3.62694639746323	12.1561448832403	0.00120698182650867	0.0427372148402945
comp11070_c0_seq1	-2.41859443453517	-3.49599670467585	11.9722029490904	0.00121518949360114	0.0429086439748856
comp5254_c0_seq1	-0.991638856465279	-1.54112498698568	11.9555081327024	0.00122375301641443	0.0430916566304826
comp2922_c0_seq1	-0.83029555793105	0.636557480923361	11.927473155211	0.00123827688046248	0.0434829625213644
comp50918_c0_seq1	1.80718894622916	-1.98246205127008	11.9088648316985	0.00124801743381085	0.0435924916841618
comp5379_c0_seq1	1.27060371936951	-1.87964173879228	11.9084497626737	0.00124823562130063	0.0435924916841618
comp6440_c0_seq1	1.27656574247855	-1.22000586061978	11.8813934271619	0.00126254533975148	0.0439717635131479
comp17679_c0_seq1	0.940442549669049	-0.15180178408173	11.8713180207884	0.00126791819775069	0.0440385647594771
comp12736_c0_seq1	-2.2815130574572	-2.21611048028085	12.2282668088658	0.001272551046895	0.0440793700944854
comp5859_c0_seq1	1.00968161946225	-0.806492645427956	11.8534193548467	0.00127752247571209	0.0441316504008185
comp4544_c0_seq1	1.13316287761669	-1.62931854058029	11.8408765081839	0.00128429856671251	0.0442458211618496
comp21570_c0_seq1	-1.52786968964878	-2.79981918376581	11.8312871606353	0.00128950463512326	0.0443054328407445
comp2704_c0_seq1	1.08660766046571	-0.561464144875556	11.8206072571815	0.00129532897499144	0.0443263552486516
comp11964_c0_seq1	1.54887097692522	-1.88131914095362	11.8145622234614	0.00129863795546183	0.0443263552486516
comp8557_c0_seq1	-2.11591090149173	-3.3743372184301	11.8053733190077	0.00130368493992059	0.0443263552486516
comp1212_c0_seq1	0.826197660824155	0.386318668875155	11.8047588733656	0.00130402315982147	0.0443263552486516
comp3816_c0_seq1	-3.64722351953375	-2.96866113014173	12.2527779616329	0.0013137612101511	0.0445386014515853
comp26833_c0_seq1	-1.50136127709234	-2.64585253963485	11.7404803290341	0.00133992146990432	0.0453049840235288
comp12330_c0_seq1	1.10787266499689	-0.382487592865611	11.733377223506	0.00134395189388197	0.0453065966378379
comp5757_c0_seq1	0.900926292543318	-0.89191417841975	11.7278837493176	0.00134707775364718	0.0453065966378379
comp2844_c0_seq1	-1.77449843839757	-2.60602065754645	11.7168621321522	0.00135337234999727	0.0453985193300402
comp10466_c0_seq1	1.11585766230028	-0.84392508862242	11.6908396146894	0.0013683575871725	0.0457558567333876
comp6826_c0_seq1	-1.11281674352851	-1.62832166278145	11.6859306928081	0.00137120399091191	0.0457558567333876
comp25242_c0_seq1	1.87939866869187	-2.74864089442147	11.6737422796663	0.00137829839555591	0.0457793250453742
comp12964_c0_seq1	1.10905722503702	-0.625132253921076	11.6723863048478	0.00137909004608329	0.0457793250453742
comp14576_c0_seq1	-2.55615115458538	-2.42226941782677	12.0737350355066	0.00138665571758556	0.0459109102131509
comp31982_c0_seq1	2.28404990971072	-3.14020387815244	11.6523398699885	0.00139084976078928	0.0459304712455465
comp9501_c0_seq1	3.61647825189733	-0.14957215551207	12.3571617742791	0.00140186289093312	0.0461745381672467
comp1769_c0_seq1	-1.54086636075596	-1.89464297079783	11.6255770802696	0.00140671457726346	0.0462149245267457
comp11806_c0_seq1	-2.04963011986572	-2.65487749443809	11.6343073802212	0.00141369529512897	0.0463248687069638
comp18462_c0_seq1	-0.86615515419975	-0.0046037100969577	11.6056218455517	0.00141866809920251	0.0463686211808574
comp790_c0_seq1	-0.668087247316159	1.94860216792105	11.5944838613746	0.00142538649155736	0.0464690578206692
comp14100_c0_seq1	-1.36434578464449	-0.766533949229862	11.7446085246866	0.0014330787563235	0.0465530474076461
comp1111_c0_seq1	0.922048618858746	0.110647905872759	11.5749918282943	0.0014372249126974	0.0465530474076461
comp51785_c0_seq1	-1.54033166302752	-1.73671872671724	11.6329964013832	0.00143891901456127	0.0465530474076461
comp8230_c0_seq1	-1.15509364014805	-0.718855176288053	11.5660532614229	0.00144268836979854	0.0465568320248657
comp3852_c0_seq1	-0.740993398315996	0.277104948346867	11.5508099235986	0.0014520560516844	0.04674080426975
comp121_c0_seq1	0.895241839313156	1.72908138470833	11.5398864657361	0.00145880844029503	0.0468398770489692
comp8732_c0_seq1	1.19461332311908	2.40407923157997	11.5394571901053	0.00146250642374725	0.0468406265917241
comp102276_c0_seq1	-1.33219429900777	-1.87860259975174	11.5270782974011	0.00146676809002368	0.0468593805602303
comp11391_c0_seq1	-4.0191875773355	-1.97923193223246	12.1668607603773	0.00148211463122077	0.0470577472876346
comp24303_c0_seq1	1.21548198397411	-1.79196728437447	11.4947254093797	0.0014870785677663	0.0470577472876346
comp2521_c0_seq1	1.33526246258076	-2.06434670822628	11.4900008028714	0.00149006931975246	0.0470577472876346
comp14946_c0_seq1	1.68790263099358	0.0704919559707106	11.8609638463032	0.00149449372418968	0.0470577472876346
comp1361_c0_seq1	-4.04076391659874	-3.74210264838156	11.4829541821897	0.00149454174099033	0.0470577472876346
comp24217_c0_seq1	-2.05007783364535	-3.52944038074596	11.4777470871068	0.00149785573229	0.0470577472876346
comp5569_c0_seq1	4.6205681707154	-3.72736725072218	11.7225811299217	0.00150452644011017	0.0470577472876346
comp4198_c0_seq1	-1.67833323637082	-2.75729420912184	11.4668594788087	0.00150481009622206	0.0470577472876346
comp6589_c0_seq1	-1.36634201555217	-2.05408174410909	11.4646862304375	0.00150620231374872	0.0470577472876346
comp56763_c0_seq1	1.52825028248441	1.54697825157727	11.7521997949546	0.00152214494596855	0.0472774928644363
comp101126_c0_seq1	-1.7727470313002	0.211487596183103	12.0061089834869	0.00152379870949264	0.0472774928644363
comp12130_c0_seq1	-0.821175117756934	-0.334971219312442	11.43653070884	0.00152436256117387	0.0472774928644363
comp13705_c0_seq1	-1.36140292076334	-1.31720066720208	11.4460494551325	0.00154179283672978	0.0477020225480449
comp87124_c0_seq1	-1.23793681366666	1.20055355969924	11.5833266351399	0.00154707640464949	0.0477495954723172
comp14267_c0_seq1	-1.43909248809177	-1.88550098097581	11.3853979793916	0.00155793640035973	0.0479686359791921
comp93278_c0_seq1	-1.34602208896115	-1.85885155126182	11.3731114573225	0.00156611945252083	0.0480088679184247
comp42781_c0_seq1	-1.38718466856227	-1.32508818068841	11.3785603370297	0.00157500105925569	0.0480088679184247
comp1605_c0_seq1	-1.01678402240991	-1.25516537741092	11.3565835809109	0.00157719893962225	0.0480088679184247
comp2207_c0_seq1	-0.90649783302274	3.85762024521681	11.3519272513049	0.00158033522901193	0.0480088679184247
comp6617_c0_seq1	1.88295953267235	-2.68843597288808	11.3509040372024	0.00158102530057002	0.0480088679184247
comp13281_c0_seq1	-1.05461126055453	-0.661678110972475	11.3496954680714	0.00158184078808648	0.0480088679184247
comp48439_c0_seq1	-1.3854436749428	-3.01463670482192	11.3374193090223	0.00159014938082789	0.0480372965525464
comp1764_c0_seq1	0.812269379543313	0.327178436472747	11.3371760030179	0.00159031451676274	0.0480372965525464
comp126742_c0_seq1	-1.57798126872228	-0.894877231181807	11.6443100737902	0.00159643670460335	0.0481082238146073
comp7752_c0_seq1	1.32378977871609	-2.0479368665773	11.2977556029446	0.00161731031165999	0.0486222984498346
comp128397_c0_seq1	-1.13892684016826	-1.44129809606776	11.2629527706941	0.00164154596876585	0.0492347916796666
comp863_c0_seq1	0.756230588260033	1.91605556180487	11.2271325778861	0.00166689075767435	0.049657773298032
comp11419_c0_seq1	-2.0018080014079	-3.07429122403481	11.2269911338996	0.0016669916519312	0.049657773298032
comp15850_c0_seq1	-2.2468800630941	-2.52132291512825	11.3425201698001	0.00166733560614715	0.049657773298032
