logFC	logCPM	F	PValue	FDR
comp16397_c0_seq1	-9.73505917848085	9.51612581718505	461.216662421161	8.66666226684917e-18	1.33376114655119e-14
comp19804_c0_seq1	-9.11063819807815	8.43921534008846	457.619625142485	9.52346409533156e-18	1.33376114655119e-14
comp23572_c0_seq1	-9.25075261506842	8.68784898412462	441.54129098513	1.46427186585754e-17	1.36714183208899e-14
comp52041_c0_seq1	-9.41124229786148	10.4526215937907	422.687434278132	2.47225359216621e-17	1.73119557791439e-14
comp53714_c0_seq1	-8.48151112238042	12.5516061346936	404.270939365923	4.21450307846408e-17	2.36096462455558e-14
comp33224_c0_seq1	-9.74791953679235	11.5510026360798	391.920080754982	6.10587755936193e-17	2.76740035807023e-14
comp111678_c0_seq1	-8.28815792513646	10.5094484654726	387.849675117788	6.91603088414552e-17	2.76740035807023e-14
comp31665_c0_seq1	-9.91391853746718	9.40500672652769	368.055349730533	1.29075850979802e-16	4.4316849631102e-14
comp53080_c0_seq1	-8.45587944290647	10.2446273104758	362.057576126784	1.56913286125367e-16	4.4316849631102e-14
comp10670_c0_seq1	-10.0774374015299	8.84669628070079	361.805312914671	1.58217956555166e-16	4.4316849631102e-14
comp46253_c0_seq1	-9.0714990926768	9.21218938087444	353.666755319071	2.07276799589064e-16	5.27802105135426e-14
comp65053_c0_seq1	-8.24710154383222	10.4256464849937	345.389628182529	2.74449351070812e-16	6.40610526957788e-14
comp52921_c0_seq1	-8.11182807749944	9.567191193714	332.778414871985	4.2614674623844e-16	8.58035235822606e-14
comp13011_c0_seq1	-9.51190083175185	10.0808169932704	332.270077954287	4.33913132750898e-16	8.58035235822606e-14
comp53351_c0_seq1	-8.24682983236208	10.0773524203507	330.662382942149	4.59497627180974e-16	8.58035235822606e-14
comp43458_c0_seq1	-8.35989299754687	8.66461674748171	323.394033824865	5.97299390913776e-16	1.04564724621843e-13
comp46439_c0_seq1	-8.28398157248872	8.16053376549524	315.249301209318	8.06676922521954e-16	1.27221467680723e-13
comp99730_c0_seq1	-7.68895787707061	9.1838797008542	314.836914709358	8.19201111893148e-16	1.27221467680723e-13
comp24242_c0_seq1	-9.30790697580209	9.81874620303296	313.447051711073	8.62980323432254e-16	1.27221467680723e-13
comp24184_c0_seq1	-8.52021714025738	9.06205608867295	291.924367138958	1.98852459094721e-15	2.78492868962157e-13
comp61188_c0_seq1	-7.97184951523137	9.45055749890691	287.583617872664	2.36936223180668e-15	3.16027791013834e-13
comp31837_c0_seq1	-7.98519128066033	12.3833316426368	280.357994335201	3.18925343504763e-15	3.98499569606492e-13
comp45992_c0_seq1	-8.68041847388679	9.07855161901641	279.741449147403	3.27222067152778e-15	3.98499569606492e-13
comp51015_c0_seq1	-8.12080714732426	9.01656685243955	276.701878939305	3.71674171801173e-15	4.33774731339619e-13
comp103053_c0_seq1	-7.86341258603208	8.83381582558614	274.933458233846	4.00502349043302e-15	4.48722831868115e-13
comp69736_c0_seq1	-8.25896298421138	10.0696633443424	262.977081472404	6.71607323916725e-15	7.23527736265672e-13
comp66525_c0_seq1	-7.10282679306949	8.54614809110585	262.049155644228	6.99726729544048e-15	7.25901692389955e-13
comp64015_c0_seq1	-7.21461393630417	9.8394858377935	260.462557780236	7.50792541418674e-15	7.51060681612038e-13
comp47771_c0_seq1	-7.1269944941448	7.08286027023792	258.455640652692	8.21222425465194e-15	7.79053429912321e-13
comp28791_c0_seq1	-7.34132100832663	8.28733394908926	258.100761247119	8.34402102726513e-15	7.79053429912321e-13
comp38801_c0_seq1	-8.10581925926698	8.80656738759543	241.419280842144	1.80555305021429e-14	1.58728551828613e-12
comp66885_c0_seq1	-6.62706344965108	7.53462134706235	241.328485392143	1.81339295198701e-14	1.58728551828613e-12
comp76965_c0_seq1	-9.02772701243206	13.9845226497006	234.850141420138	2.47992642651501e-14	2.04479670696346e-12
comp52180_c0_seq1	-8.32704933219557	14.7157659837206	234.832390580706	2.48208097239407e-14	2.04479670696346e-12
comp36357_c0_seq1	-8.03931242069598	14.1423847737464	231.193048654306	2.96955426181116e-14	2.37649185352373e-12
comp65627_c0_seq1	-9.18106102374997	13.0921007740828	230.22318173536	3.11624742240883e-14	2.42461361949087e-12
comp41077_c0_seq1	-7.3771475432827	9.85823518023117	224.927113725054	4.06824973815608e-14	3.07977500447978e-12
comp61853_c0_seq1	-7.50588460118654	8.94703927100633	222.973787048883	4.49501265861218e-14	3.23836161434969e-12
comp89540_c0_seq1	-6.52211983105262	7.90772594610944	222.913349077534	4.5089647611438e-14	3.23836161434969e-12
comp92250_c0_seq1	-6.68578891404352	8.05359033796809	220.106230295333	5.21141094632892e-14	3.64929051516682e-12
comp48764_c0_seq1	-7.71647599298245	8.62956650995868	217.874298772589	5.85419921501727e-14	3.99941756128375e-12
comp41051_c0_seq1	-9.9999316906085	8.72292105234559	209.912574880829	8.94389355247506e-14	5.96472520011491e-12
comp89149_c0_seq1	-7.50961662538225	8.37087803075273	207.473758773646	1.02131828416135e-13	6.65281979985103e-12
comp123173_c0_seq1	-6.63680208453115	8.19354684888508	201.022997611125	1.46076782628759e-13	9.29911518507167e-12
comp53356_c0_seq1	-7.60093641820815	7.86278159235555	190.644117733037	2.65604927479038e-13	1.65324311526397e-11
comp48838_c0_seq1	-7.02052340375027	7.0473581631941	183.064383080197	4.18711846217141e-13	2.54959104620481e-11
comp45578_c0_seq1	-7.17402488509469	6.73464834716381	181.859893944425	4.50808955705525e-13	2.68248492163955e-11
comp70756_c0_seq1	-7.71035094490165	9.99330591220548	187.249161547537	4.59690382858616e-13	2.68248492163955e-11
comp53875_c0_seq1	-7.00624465392497	9.36334446426898	180.951173310924	6.69529312093601e-13	3.82724816974322e-11
comp32504_c0_seq1	-6.24034470336874	9.05395649735961	173.60302718063	7.56950257905223e-13	4.20537038360705e-11
comp38008_c0_seq1	-7.101107926768	8.03124502734224	173.423625439038	7.6570471104591e-13	4.20537038360705e-11
comp4844_c0_seq1	-11.6461905082704	11.3761071272531	190.811626912084	7.81161086278551e-13	4.20775423589658e-11
comp44139_c0_seq1	-6.89705043307549	7.81656387854367	172.613642084366	8.06613136314972e-13	4.26287432984573e-11
comp75674_c0_seq1	-5.96423723639858	7.35209722180604	171.208793499152	8.83266009214314e-13	4.58153350335055e-11
comp30495_c0_seq1	-8.18246131785633	14.0710248082709	169.966506912367	9.57618303884983e-13	4.87688885305789e-11
comp49408_c0_seq1	-7.20897826560232	7.20744128778016	165.688696211245	1.27000249466849e-12	6.14443218431996e-11
comp107550_c0_seq1	-6.60882535570156	7.4102488602694	165.661370540238	1.27232083788132e-12	6.14443218431996e-11
comp107203_c0_seq1	-5.91418486654787	7.44451050260491	164.128574491425	1.40997060466232e-12	6.6937757011172e-11
comp15903_c0_seq1	-7.00601085728347	6.49498975486008	160.502751555126	1.80387072375149e-12	8.4210698287132e-11
comp31148_c0_seq1	-7.9214839850714	13.5508840886388	158.96386771945	2.00564125676628e-12	9.20951009869237e-11
comp6853_c0_seq1	-7.95640231628977	12.6330200459148	159.643109973386	2.7595710632183e-12	1.24670299162491e-10
comp48162_c0_seq1	-6.89590380498211	6.88166268264484	152.659644190631	3.12624532768132e-12	1.38993859727546e-10
comp56763_c0_seq1	-6.51628850026442	8.49575935578792	156.876604252107	3.33048645332049e-12	1.43679462290491e-10
comp118173_c0_seq1	-6.26865363592868	7.78430036417088	151.763081144459	3.33422529413849e-12	1.43679462290491e-10
comp50878_c0_seq1	-5.97275897173329	6.55323484557899	150.876162459962	3.55472955726906e-12	1.50860568028949e-10
comp92623_c0_seq1	-6.43633362367491	7.31300920284037	148.625691742821	4.18806437541289e-12	1.75086094261664e-10
comp127315_c0_seq1	-5.4163824023567	7.24718034128813	144.989442482645	5.4834158703911e-12	2.25868350778904e-10
comp123466_c0_seq1	-4.76058861955409	7.69174677764167	141.602114984876	7.08538769548188e-12	2.87625665725286e-10
comp22866_c0_seq1	-8.05611248253363	7.35284095575929	140.660625675737	7.61564246895524e-12	3.04734493650623e-10
comp100678_c0_seq1	-5.53092468881509	6.83680702477923	136.335369012367	1.06668909435572e-11	4.20816359618361e-10
comp42721_c0_seq1	-9.00470688056111	10.0473816331526	154.703374869136	1.11604303546958e-11	4.34171741993095e-10
comp114434_c0_seq1	-5.43108220899393	6.93025018588872	133.20503767788	1.3690669236646e-11	5.18210331511425e-10
comp85206_c0_seq1	-5.7064191533786	6.83658764915357	132.117588389231	1.49479885283453e-11	5.58257544905269e-10
comp83562_c0_seq1	-7.72780916401499	10.4802109723219	143.232635183058	1.75435595690562e-11	6.4657250464377e-10
comp62531_c0_seq1	-5.71584275746821	6.52664063982282	128.741473765249	1.97135273562384e-11	7.17111560062645e-10
comp60073_c0_seq1	-6.08819592139054	7.10156721860017	125.730558792201	2.53633684869973e-11	9.10805065795888e-10
comp62923_c0_seq1	-5.47798104815464	6.82883921315425	125.228325099466	2.64652652987775e-11	9.26615101273448e-10
comp60113_c0_seq1	-6.20612145796669	7.04303223125766	123.220271009249	3.14157344811434e-11	1.08351340455386e-09
comp87124_c0_seq1	-5.71476109506706	7.54300105433106	122.552469960918	3.32765671053977e-11	1.12298390918336e-09
comp99974_c0_seq1	-5.91022570791876	6.94428999707454	121.320230524048	3.70299567572438e-11	1.2202459867887e-09
comp91508_c0_seq1	-6.13304363222703	7.12232654359739	119.216375746184	4.45364687634463e-11	1.45054243030713e-09
comp40316_c0_seq1	-5.99939295307356	7.61813924223174	114.561070164787	6.76647046959953e-11	2.17849238912049e-09
comp128701_c0_seq1	-4.42371559512765	6.59864961138113	114.304082046471	6.9273415225144e-11	2.20494131870032e-09
comp62481_c0_seq1	-5.51727496056379	6.75490759616719	112.246392215583	8.37457790188429e-11	2.63563962957055e-09
comp110381_c0_seq1	-5.29010495518505	7.13561189804744	111.133390841514	9.29075444250468e-11	2.89148924371729e-09
comp43902_c0_seq1	-5.20662457855891	6.76497124060075	105.20008694044	1.64005143151579e-10	4.99324354312578e-09
comp122386_c0_seq1	-4.92141274882582	6.67607344101709	102.761091707357	2.08744860396314e-10	6.28703606419437e-09
comp134253_c0_seq1	-5.99862087610655	8.23517659761438	103.316286977859	2.58698350578146e-10	7.62981478578086e-09
comp126938_c0_seq1	-4.99870831490192	6.9405656192411	99.9165539368393	2.78208029549987e-10	8.11729886218243e-09
comp38514_c0_seq1	-7.41403450687462	15.7639132741101	92.9934709831809	7.38584587426964e-10	2.06877542938293e-08
comp123594_c0_seq1	-4.18625635294452	6.216183843125	86.4703563727439	1.19056522261713e-09	3.3017556322283e-08
comp67122_c0_seq1	-6.13295403669244	9.74425674983551	92.9431629249664	1.63470106152577e-09	4.44543463430454e-08
comp1514_c0_seq1	-5.31743540558649	5.96020675594445	77.4444455380495	3.50210021013178e-09	9.3422692272182e-08
comp1852_c0_seq1	-6.90639514252737	11.9042732869832	86.3901921974432	3.8132154636942e-09	9.98207150823126e-08
comp10182_c0_seq1	-5.22527949524611	8.21554450608641	70.5665899245775	1.70568454563148e-08	4.30416433541782e-07
comp76413_c0_seq1	-4.44374847168053	6.67626637115149	63.765024626265	2.19174549347632e-08	5.43281338692671e-07
comp3889_c0_seq1	-6.05255196857909	7.13587124389402	61.3198396387714	5.64234156381861e-08	1.36243092415999e-06
comp2022_c0_seq1	-6.04071124315922	8.33752545114362	57.8954282010955	1.48497160927073e-07	3.4952987206448e-06
comp4957_c0_seq1	-5.61833616213698	7.25464014224714	53.3222939856943	1.59771015342531e-07	3.72932178312024e-06
comp10086_c0_seq1	-8.02125699702961	12.1563883197092	53.4551367500579	4.17820756413432e-07	9.43803176382276e-06
comp1910_c0_seq1	-4.44468285873542	10.3296639239883	43.4169443025899	1.85890449717366e-06	3.71913678327388e-05
comp8837_c0_seq1	-4.10733380438017	7.34543156598289	26.8431910038111	3.64620973962437e-05	0.000508111118442183
comp3985_c0_seq1	-5.14002164867153	8.23687221943275	25.2771283935032	7.43344056578079e-05	0.000921286151537699
